Vertices:

-0.002757263 0.005072779 0.003950957
-0.003890458 0.005301242 0.001975478
-0.005023652 0.005529705 -1.064976E-12
-0.005932986 0.01315872 0.003343035
-0.004392968 0.01524582 0.001971658
-0.004732486 0.01304246 0.00179073
-0.00582441 0.01164713 0.003346432
-0.00709899 0.01106694 0.004450773
-0.005488391 0.0102698 0.003412276
-0.004633816 0.01078773 0.002203756
-0.007618722 0.007804336 0.005486619
-0.007525576 0.00934134 0.004954323
-0.007750811 0.008746233 0.005509675
-0.005932986 0.01315872 -0.003343035
-0.004732486 0.01304246 -0.00179073
-0.004392968 0.01524582 -0.001971658
-0.00582441 0.01164713 -0.003346432
-0.00709899 0.01106694 -0.004450773
-0.005488391 0.0102698 -0.003412276
-0.004633816 0.01078773 -0.002203756
-0.007618722 0.007804336 -0.005486619
-0.007525576 0.00934134 -0.004954323
-0.007750811 0.008746233 -0.005509675
-0.002757263 0.005072779 0.003950957
-0.005023652 0.005529705 -1.064976E-12
-0.004819214 -0.002490723 -1.064976E-12
-0.00278049 -0.002801856 0.00288732
-0.004329692 -0.008861313 -1.064976E-12
-0.00276987 -0.009082552 0.00157148
-0.004188613 -0.01456999 -1.064976E-12
-0.003226292 -0.01458584 0.0007819771
-0.00121005 -0.009303791 0.001768003
-0.002263972 -0.0146017 0.0008797676
-0.0007417664 -0.003112989 0.003248395
0.0003497709 -0.009525031 0.001249978
-0.001301651 -0.01461755 0.0006219957
0.001909592 -0.00974627 -1.064976E-12
-0.0003393306 -0.01463341 -1.064976E-12
0.003335682 -0.003735254 -1.064976E-12
0.001296958 -0.003424121 0.002296615
-0.0004908754 0.004615852 0.004445045
0.001775513 0.004158926 0.003142647
-0.0008258431 0.01143516 0.004148967
0.001185379 0.01116619 0.002933319
0.003459784 0.003930463 0.0008746613
0.004496307 0.001360222 0.0003609113
0.004359601 -0.001205466 -1.064976E-12
0.006027715 -0.0006915548 -1.064976E-12
0.003196601 0.01089721 -1.064976E-12
0.001418777 0.01685192 -1.064976E-12
0.004633014 0.00392591 -1.064976E-12
0.006399696 0.0005785128 0.0003065668
0.008314282 -0.002362844 -1.064976E-12
0.006771677 0.00184858 -1.064976E-12
-0.000116573 0.01684872 0.002171019
-0.0005676141 0.02090768 -1.064976E-12
0.008329771 -0.001563256 0.0001370599
0.008599474 -0.001994707 -1.064976E-12
0.008345258 -0.0007636687 -1.064976E-12
-0.001501495 0.0209319 0.001276144
-0.001734513 0.0223362 -1.064976E-12
-0.001651923 0.01684551 0.003070747
-0.00238167 0.02230241 0.000961706
-0.002758821 0.02282401 -1.064976E-12
-0.002837065 0.01170414 0.003687789
-0.003187274 0.01684231 0.002729419
-0.002435377 0.02095613 0.001805013
-0.003181363 0.02283507 0.0007215459
-0.003365758 0.02402778 -1.064976E-12
-0.004633816 0.01078773 0.002203756
-0.003890458 0.005301242 0.001975478
-0.005023652 0.005529705 -1.064976E-12
-0.004304074 0.01297182 0.002375278
-0.004732486 0.01304246 0.00179073
-0.004848287 0.01197312 -1.064976E-12
-0.004392968 0.01524582 0.001971658
-0.004722625 0.01683911 -1.064976E-12
-0.003954949 0.01684071 0.001364709
-0.00430314 0.02100457 -1.064976E-12
-0.003369258 0.02098035 0.001604377
-0.003675983 0.02223483 0.001209063
-0.004323139 0.02220104 -1.064976E-12
-0.003028826 0.02226862 0.001360263
-0.004026449 0.02285718 0.0009071319
-0.004448991 0.02286824 -1.064976E-12
-0.003603906 0.02284613 0.001020574
-0.004208182 0.0238943 0.0006665278
-0.00448899 0.0238498 -1.064976E-12
-0.004061905 0.02432675 -1.064976E-12
-0.003927374 0.02393879 0.0007498811
-0.003646566 0.02398328 0.000530166
-0.003226292 -0.01458584 0.0007819771
-0.004188613 -0.01456999 -1.064976E-12
-0.004037797 -0.01916551 -1.064976E-12
-0.003513306 -0.01650548 0.0007619752
-0.002263972 -0.0146017 0.0008797676
-0.002988814 -0.01658917 0.0008572644
-0.003385999 -0.02059269 0.0044658
-0.00328735 -0.02061404 0.005024272
-0.003484648 -0.02494096 0.006424904
-0.003484648 -0.02494096 0.006424904
-0.003272576 -0.02536944 0.006424904
-0.003012436 -0.02157705 0.0005625489
-0.003571995 -0.02076551 -1.064976E-12
-0.001301651 -0.01461755 0.0006219957
-0.002263972 -0.0146017 0.0008797676
-0.002988814 -0.01658917 0.0008572644
-0.002464323 -0.01667285 0.0006060863
-0.0003393306 -0.01463341 -1.064976E-12
-0.00328735 -0.02061404 0.005024272
-0.001939831 -0.01950025 -1.064976E-12
-0.0031887 -0.02063539 0.003552161
-0.003484648 -0.02494096 0.006424904
-0.003090051 -0.02502636 0.006424904
-0.003272576 -0.02536944 0.006424904
-0.003484648 -0.02494096 0.006424904
-0.003012436 -0.02157705 0.0005625489
-0.003571995 -0.02076551 -1.064976E-12
-0.003226292 -0.01458584 -0.0007819771
-0.004037797 -0.01916551 -1.064976E-12
-0.004188613 -0.01456999 -1.064976E-12
-0.003513306 -0.01650548 -0.0007619752
-0.002263972 -0.0146017 -0.0008797676
-0.002988814 -0.01658917 -0.0008572644
-0.003385999 -0.02059269 -0.0044658
-0.00328735 -0.02061404 -0.005024272
-0.003484648 -0.02494096 -0.006424904
-0.003484648 -0.02494096 -0.006424904
-0.003272576 -0.02536944 -0.006424904
-0.003012436 -0.02157705 -0.0005625489
-0.003571995 -0.02076551 -1.064976E-12
-0.001301651 -0.01461755 -0.0006219958
-0.002988814 -0.01658917 -0.0008572644
-0.002263972 -0.0146017 -0.0008797676
-0.002464323 -0.01667285 -0.0006060863
-0.0003393306 -0.01463341 -1.064976E-12
-0.00328735 -0.02061404 -0.005024272
-0.001939831 -0.01950025 -1.064976E-12
-0.0031887 -0.02063539 -0.003552161
-0.003484648 -0.02494096 -0.006424904
-0.003090051 -0.02502636 -0.006424904
-0.003272576 -0.02536944 -0.006424904
-0.003484648 -0.02494096 -0.006424904
-0.003012436 -0.02157705 -0.0005625489
-0.003571995 -0.02076551 -1.064976E-12
0.001909592 -0.00974627 -1.064976E-12
-0.0003393306 -0.01463341 -1.064976E-12
-0.001301651 -0.01461755 -0.0006219958
0.0003497709 -0.009525031 -0.001249978
-0.002263972 -0.0146017 -0.0008797676
0.003335682 -0.003735254 -1.064976E-12
-0.00121005 -0.009303791 -0.001768003
-0.003226292 -0.01458584 -0.0007819771
0.001296958 -0.003424121 -0.002296615
-0.00276987 -0.009082552 -0.00157148
-0.004188613 -0.01456999 -1.064976E-12
-0.004329692 -0.008861313 -1.064976E-12
-0.0007417664 -0.003112989 -0.003248395
-0.00278049 -0.002801856 -0.00288732
-0.004819214 -0.002490723 -1.064976E-12
0.001775513 0.004158926 -0.003142647
-0.0004908754 0.004615852 -0.004445045
-0.002757263 0.005072779 -0.003950956
0.003459784 0.003930463 -0.0008746613
0.004359601 -0.001205466 -1.064976E-12
-0.003890458 0.005301242 -0.001975478
-0.005023652 0.005529705 -1.064976E-12
-0.004633816 0.01078773 -0.002203756
-0.004732486 0.01304246 -0.00179073
-0.004848287 0.01197312 -1.064976E-12
-0.004392968 0.01524582 -0.001971658
-0.004722625 0.01683911 -1.064976E-12
-0.002837065 0.01170414 -0.003687788
-0.004304074 0.01297182 -0.002375278
-0.003187274 0.01684231 -0.002729419
-0.003954949 0.01684071 -0.001364709
-0.00430314 0.02100457 -1.064976E-12
-0.0008258431 0.01143516 -0.004148967
-0.001651923 0.01684551 -0.003070747
0.001185379 0.01116619 -0.002933319
-0.000116573 0.01684872 -0.002171019
0.003196601 0.01089721 -1.064976E-12
0.001418777 0.01685192 -1.064976E-12
-0.0005676141 0.02090768 -1.064976E-12
0.004633014 0.00392591 -1.064976E-12
-0.001501495 0.0209319 -0.001276144
-0.001734513 0.0223362 -1.064976E-12
-0.002435377 0.02095613 -0.001805013
-0.00238167 0.02230241 -0.000961706
-0.002758821 0.02282401 -1.064976E-12
0.004496307 0.001360222 -0.0003609113
0.006027715 -0.0006915548 -1.064976E-12
0.006399696 0.0005785128 -0.0003065668
0.006771677 0.00184858 -1.064976E-12
0.008314282 -0.002362844 -1.064976E-12
0.008329771 -0.001563256 -0.0001370599
0.008345258 -0.0007636687 -1.064976E-12
0.008599474 -0.001994707 -1.064976E-12
-0.003181363 0.02283507 -0.0007215458
-0.003365758 0.02402778 -1.064976E-12
-0.003028826 0.02226862 -0.001360263
-0.003646566 0.02398328 -0.000530166
-0.004061905 0.02432675 -1.064976E-12
-0.003603906 0.02284613 -0.001020574
-0.003369258 0.02098035 -0.001604377
-0.003675983 0.02223483 -0.001209063
-0.004323139 0.02220104 -1.064976E-12
-0.004026449 0.02285718 -0.0009071319
-0.004448991 0.02286824 -1.064976E-12
-0.003927374 0.02393879 -0.0007498811
-0.004208182 0.0238943 -0.0006665277
-0.00448899 0.0238498 -1.064976E-12
-0.004633816 0.01078773 0.002203756
-0.004304074 0.01297182 0.002375278
-0.005523235 0.01170733 0.003455156
-0.005488391 0.0102698 0.003412276
-0.004392968 0.01524582 0.001971658
-0.005932986 0.01315872 0.003343035
-0.007618722 0.007804336 0.005486619
-0.00709899 0.01106694 0.004450773
-0.007251847 0.009413231 0.005012662
-0.007750811 0.008746233 0.005509675
-0.004633816 0.01078773 -0.002203756
-0.005488391 0.0102698 -0.003412276
-0.005523235 0.01170733 -0.003455156
-0.004304074 0.01297182 -0.002375278
-0.004392968 0.01524582 -0.001971658
-0.005932986 0.01315872 -0.003343035
-0.007618722 0.007804336 -0.005486619
-0.00709899 0.01106694 -0.004450773
-0.007251847 0.009413231 -0.005012662
-0.007750811 0.008746233 -0.005509675

Normals:

-0.5559035 -0.0591458 0.8291399
-0.8580216 -0.09131396 0.5054313
-0.9962897 -0.08606332 0
-0.6296057 0.6071743 0.4847018
-0.8481661 0.196179 0.4920651
-0.9675483 0.03076329 -0.2508063
-0.6872973 -0.09952383 -0.7195259
-0.7107931 0.6053797 0.3581739
0.4245555 -0.8886639 -0.1732892
-0.8862658 -0.09997956 0.452258
-0.2210189 -0.9321125 0.2869095
-0.8215266 -0.02508711 -0.5696179
-0.629159 0.04526039 0.7759577
-0.6296057 0.6071743 -0.4847018
-0.9675483 0.03076329 0.2508063
-0.8481661 0.196179 -0.4920651
-0.6872973 -0.09952383 0.7195259
-0.7107931 0.6053797 -0.3581739
0.4245555 -0.8886639 0.1732892
-0.8862658 -0.09997956 -0.452258
-0.2210189 -0.9321125 -0.2869095
-0.8215266 -0.02508711 0.5696179
-0.629159 0.04526039 -0.7759577
-0.5559035 -0.0591458 0.8291399
-0.9962897 -0.08606332 0
-0.9965308 -0.08322481 0
-0.5429686 -0.1293713 0.8297278
-0.9959664 -0.08972672 0
-0.4674961 -0.1273269 0.8747773
-0.9999006 -0.01409987 0
-0.4398135 -0.03305239 0.8974807
0.08731408 -0.2014847 0.9755922
0.09622735 -0.129707 0.9868721
0.106755 -0.1849138 0.9769393
0.4776346 -0.2282574 0.8483889
0.3900368 -0.2007866 0.8986412
0.9394017 -0.3428186 0
0.9105994 -0.4132901 0
0.9763426 -0.2162292 0
0.570488 -0.1686469 0.8038044
0.1496024 -0.04535072 0.9877056
0.651789 -0.02386566 0.7580248
0.1718523 0.1333373 0.9760574
0.6788661 0.161629 0.716252
0.6883862 0.03518839 0.7244902
0.1924848 -0.0304582 0.9808272
0.7700319 -0.6380055 0
-0.3159622 -0.9487717 0
0.9800394 0.1988035 0
0.9330472 0.3597541 0
0.9701497 0.2425069 0
0.09689685 0.01260422 0.9952146
0.6709133 -0.7415358 0
0.7232758 0.6905593 0
0.6513107 0.3033611 0.6955331
0.8542445 0.5198714 0
0.1988603 -0.06003042 0.9781876
0.9998128 -0.01934925 0
0.8920403 0.4519561 0
0.6098454 0.4403082 0.6589516
0.6697114 0.7426215 0
0.1551903 0.2623433 0.9524137
0.5035049 0.6677895 0.5482154
0.6514321 0.758707 0
-0.4283426 0.08084643 0.8999925
-0.5320467 0.2137282 0.8192964
0.1574805 0.3534156 0.9221157
0.5512364 0.6276867 0.5496798
0.7256712 0.6880417 0
-0.8862658 -0.09997956 0.452258
-0.8580216 -0.09131396 0.5054313
-0.9962897 -0.08606332 0
-0.05746764 0.1187197 0.9912634
-0.9675483 0.03076329 -0.2508063
-0.999558 0.0297255 0
-0.8481661 0.196179 0.4920651
-0.9852715 0.1709973 0
-0.8437303 0.2446409 0.4777761
-0.9994981 0.03167875 0
-0.5735843 0.1610822 0.8031523
-0.5841284 0.118199 0.8030087
-0.9892347 -0.1463374 0
0.1253124 0.4972516 0.858509
-0.6767071 0.01171946 0.736159
-0.9893022 -0.1458806 0
0.07843416 0.4149686 0.9064486
-0.6395289 0.414908 0.6471893
-0.9561162 0.2929876 0
-0.2093623 0.9778381 0
0.05468981 0.5827273 0.8108253
0.5242931 0.6602571 0.5377522
-0.4398135 -0.03305239 0.8974807
-0.9999006 -0.01409987 0
-0.9993213 -0.0368367 0
-0.6564418 0.1597996 0.7372572
0.09622735 -0.129707 0.9868721
0.1971863 0.2383266 0.9509563
-0.8764439 0.3159019 0.3633894
0.11167 0.5369866 0.8361669
-0.602577 -0.5055251 0.6175316
-0.602577 -0.5055251 0.6175316
-0.04635896 -0.9515032 0.3041258
-0.0005493487 -0.7818147 -0.6235107
-0.7942616 -0.6075758 0
0.3900368 -0.2007866 0.8986412
0.09622735 -0.129707 0.9868721
0.1971863 0.2383266 0.9509563
0.6093647 -0.04992842 0.7913165
0.9105994 -0.4132901 0
0.11167 0.5369866 0.8361669
0.9972463 -0.07416172 0
0.9198664 0.1786874 0.3491654
-0.602577 -0.5055251 0.6175316
0.9187188 -0.2286192 0.3220078
-0.04635896 -0.9515032 0.3041258
-0.602577 -0.5055251 0.6175316
-0.0005493487 -0.7818147 -0.6235107
-0.7942616 -0.6075758 0
-0.4398135 -0.03305239 -0.8974807
-0.9993213 -0.0368367 0
-0.9999006 -0.01409987 0
-0.6564418 0.1597996 -0.7372572
0.09622735 -0.129707 -0.9868721
0.1971863 0.2383266 -0.9509563
-0.8764439 0.3159019 -0.3633894
0.11167 0.5369866 -0.8361669
-0.602577 -0.5055251 -0.6175316
-0.602577 -0.5055251 -0.6175316
-0.04635896 -0.9515032 -0.3041258
-0.0005493487 -0.7818147 0.6235107
-0.7942616 -0.6075758 0
0.3900368 -0.2007866 -0.8986412
0.1971863 0.2383266 -0.9509563
0.09622735 -0.129707 -0.9868721
0.6093647 -0.04992842 -0.7913165
0.9105994 -0.4132901 0
0.11167 0.5369866 -0.8361669
0.9972463 -0.07416172 0
0.9198664 0.1786874 -0.3491654
-0.602577 -0.5055251 -0.6175316
0.9187188 -0.2286192 -0.3220078
-0.04635896 -0.9515032 -0.3041258
-0.602577 -0.5055251 -0.6175316
-0.0005493487 -0.7818147 0.6235107
-0.7942616 -0.6075758 0
0.9394017 -0.3428186 0
0.9105994 -0.4132901 0
0.3900368 -0.2007866 -0.8986412
0.4776346 -0.2282574 -0.8483889
0.09622735 -0.129707 -0.9868721
0.9763426 -0.2162292 0
0.08731408 -0.2014847 -0.9755922
-0.4398135 -0.03305239 -0.8974807
0.570488 -0.1686469 -0.8038044
-0.4674961 -0.1273269 -0.8747773
-0.9999006 -0.01409987 0
-0.9959664 -0.08972672 0
0.106755 -0.1849138 -0.9769393
-0.5429686 -0.1293713 -0.8297278
-0.9965308 -0.08322481 0
0.651789 -0.02386566 -0.7580248
0.1496024 -0.04535072 -0.9877056
-0.5559035 -0.0591458 -0.8291399
0.6883862 0.03518839 -0.7244902
0.7700319 -0.6380055 0
-0.8580216 -0.09131396 -0.5054313
-0.9962897 -0.08606332 0
-0.8862658 -0.09997956 -0.452258
-0.9675483 0.03076329 0.2508063
-0.999558 0.0297255 0
-0.8481661 0.196179 -0.4920651
-0.9852715 0.1709973 0
-0.4283426 0.08084643 -0.8999925
-0.05746764 0.1187197 -0.9912634
-0.5320467 0.2137282 -0.8192964
-0.8437303 0.2446409 -0.4777761
-0.9994981 0.03167875 0
0.1718523 0.1333373 -0.9760574
0.1551903 0.2623433 -0.9524137
0.6788661 0.161629 -0.716252
0.6513107 0.3033611 -0.6955331
0.9800394 0.1988035 0
0.9330472 0.3597541 0
0.8542445 0.5198714 0
0.9701497 0.2425069 0
0.6098454 0.4403082 -0.6589516
0.6697114 0.7426215 0
0.1574805 0.3534156 -0.9221157
0.5035049 0.6677895 -0.5482154
0.6514321 0.758707 0
0.1924848 -0.0304582 -0.9808272
-0.3159622 -0.9487717 0
0.09689685 0.01260422 -0.9952146
0.7232758 0.6905593 0
0.6709133 -0.7415358 0
0.1988603 -0.06003042 -0.9781876
0.8920403 0.4519561 0
0.9998128 -0.01934925 0
0.5512364 0.6276867 -0.5496798
0.7256712 0.6880417 0
0.1253124 0.4972516 -0.858509
0.5242931 0.6602571 -0.5377522
-0.2093623 0.9778381 0
0.07843416 0.4149686 -0.9064486
-0.5735843 0.1610822 -0.8031523
-0.5841284 0.118199 -0.8030087
-0.9892347 -0.1463374 0
-0.6767071 0.01171946 -0.736159
-0.9893022 -0.1458806 0
0.05468981 0.5827273 -0.8108253
-0.6395289 0.414908 -0.6471893
-0.9561162 0.2929876 0
-0.8862658 -0.09997956 0.452258
-0.05746764 0.1187197 0.9912634
0.6206636 0.08130244 0.7798504
0.4245555 -0.8886639 -0.1732892
-0.8481661 0.196179 0.4920651
-0.6296057 0.6071743 0.4847018
-0.2210189 -0.9321125 0.2869095
-0.7107931 0.6053797 0.3581739
0.5869218 0.1366666 0.7980257
-0.629159 0.04526039 0.7759577
-0.8862658 -0.09997956 -0.452258
0.4245555 -0.8886639 0.1732892
0.6206636 0.08130244 -0.7798504
-0.05746764 0.1187197 -0.9912634
-0.8481661 0.196179 -0.4920651
-0.6296057 0.6071743 -0.4847018
-0.2210189 -0.9321125 -0.2869095
-0.7107931 0.6053797 -0.3581739
0.5869218 0.1366666 -0.7980257
-0.629159 0.04526039 -0.7759577

UVs:

0.5265633 0.761451
0.5316137 0.7865018
0.5366642 0.8115525
0.3785191 0.224932
0.4355985 0.1787938
0.4384424 0.227502
0.3784296 0.2583476
0.3493362 0.2711735
0.376695 0.2887954
0.4319502 0.2773457
0.3220473 0.3432976
0.3360704 0.3093201
0.3214399 0.3224758
0.3785318 0.2249277
0.438455 0.2274976
0.4356111 0.1787895
0.3784423 0.2583433
0.3493489 0.2711692
0.3767077 0.2887911
0.4319629 0.2773414
0.3220599 0.3432932
0.3360831 0.3093158
0.3214525 0.3224714
0.5265633 0.761451
0.5366642 0.8115525
0.3593622 0.8070331
0.3524841 0.7619645
0.2185319 0.7962116
0.2136411 0.7617297
0.09233421 0.7930928
0.09198369 0.7718195
0.2087503 0.7272478
0.09163319 0.7505462
0.3456061 0.7168958
0.2038596 0.692766
0.09128267 0.7292728
0.1989688 0.6582841
0.09093215 0.7079995
0.3318501 0.6267585
0.3387282 0.6718272
0.5164623 0.7113495
0.5063614 0.6612481
0.6672121 0.7187544
0.661266 0.6742938
0.5013108 0.624015
0.4444923 0.6011013
0.3877745 0.6041235
0.3991351 0.5672475
0.6553199 0.6298331
0.7869565 0.6691341
0.5012102 0.5980793
0.4272116 0.5590245
0.3621891 0.5166999
0.4552881 0.5508013
0.7868859 0.7030751
0.8766145 0.713046
0.379865 0.5163575
0.3703273 0.5103954
0.3975409 0.5160152
0.8771499 0.7336906
0.9081938 0.7388418
0.7868149 0.737016
0.9074469 0.753148
0.9189775 0.7614855
0.6731582 0.7632152
0.7867441 0.770957
0.8776854 0.7543353
0.919222 0.7708263
0.9455884 0.7749026
0.6528999 0.8029346
0.5316137 0.7865018
0.5366642 0.8115525
0.701182 0.7956453
0.7027435 0.8051159
0.6791042 0.8076758
0.7514517 0.7976105
0.7866733 0.8048979
0.7867087 0.7879274
0.8787563 0.7956246
0.8782209 0.7749799
0.9059528 0.7817605
0.905206 0.7960668
0.9066999 0.7674543
0.9197109 0.789508
0.9199553 0.7988489
0.9194664 0.7801672
0.9426376 0.7935255
0.941654 0.7997331
0.9521976 0.7902918
0.9436212 0.7873179
0.9446046 0.7811102
0.6332656 0.1556004
0.6504415 0.1553099
0.6504415 0.2399684
0.6337048 0.190964
0.6311188 0.1558926
0.6316128 0.1925056
0.5523916 0.2662582
0.540131 0.2666516
0.5092394 0.3454296
0.5093818 0.3463618
0.5093818 0.3542551
0.638083 0.2843921
0.6504415 0.2694434
0.6367779 0.1561847
0.6311188 0.1558926
0.6316128 0.1925056
0.6371272 0.1940472
0.6504415 0.1564783
0.540131 0.2666516
0.6504415 0.2461348
0.5724496 0.2670449
0.5092394 0.3454296
0.5093818 0.347935
0.5093818 0.3542551
0.5093818 0.3463618
0.638083 0.2843921
0.6504415 0.2694434
0.6332741 0.155602
0.6504415 0.2399684
0.6504415 0.1553099
0.6337132 0.1909654
0.6311272 0.155894
0.6316212 0.192507
0.5524001 0.2662598
0.5401394 0.2666531
0.5092394 0.3454296
0.5093902 0.3463632
0.5093902 0.3542566
0.6380914 0.2843935
0.6504415 0.2694434
0.6367863 0.1561862
0.6316212 0.192507
0.6311272 0.155894
0.6371356 0.1940486
0.6504415 0.1564783
0.5401394 0.2666531
0.6504415 0.2461348
0.5724579 0.2670463
0.5092394 0.3454296
0.5093902 0.3479365
0.5093902 0.3542566
0.5093902 0.3463632
0.6380914 0.2843935
0.6504415 0.2694434
0.1989688 0.6582841
0.09093215 0.7079995
0.09128267 0.7292728
0.2038596 0.692766
0.09163319 0.7505462
0.3318501 0.6267585
0.2087503 0.7272478
0.09198369 0.7718195
0.3387282 0.6718272
0.2136411 0.7617297
0.09233421 0.7930928
0.2185319 0.7962116
0.3456061 0.7168958
0.3524841 0.7619645
0.3593622 0.8070331
0.5063614 0.6612481
0.5164623 0.7113495
0.5265633 0.761451
0.5013108 0.624015
0.3877745 0.6041235
0.5316137 0.7865018
0.5366642 0.8115525
0.6528999 0.8029346
0.7027435 0.8051159
0.6791042 0.8076758
0.7514517 0.7976105
0.7866733 0.8048979
0.6731582 0.7632151
0.701182 0.7956453
0.7867441 0.770957
0.7867087 0.7879274
0.8787563 0.7956246
0.6672121 0.7187544
0.7868149 0.737016
0.661266 0.6742938
0.7868859 0.7030751
0.6553199 0.6298331
0.7869565 0.6691341
0.8766145 0.713046
0.5012102 0.5980793
0.8771499 0.7336906
0.9081938 0.7388418
0.8776854 0.7543353
0.9074469 0.753148
0.9189775 0.7614855
0.4444923 0.6011013
0.3991351 0.5672475
0.4272116 0.5590245
0.4552881 0.5508013
0.3621891 0.5166999
0.379865 0.5163575
0.3975409 0.5160152
0.3703273 0.5103954
0.919222 0.7708263
0.9455884 0.7749026
0.9066999 0.7674543
0.9446046 0.7811102
0.9521976 0.7902918
0.9194664 0.7801672
0.8782209 0.7749799
0.9059528 0.7817605
0.905206 0.7960668
0.9197109 0.789508
0.9199553 0.7988489
0.9436212 0.7873179
0.9426376 0.7935255
0.941654 0.7997331
0.4319502 0.2773457
0.4292541 0.2290635
0.3755654 0.2570169
0.376695 0.2887954
0.4355985 0.1787938
0.3785191 0.224932
0.3220473 0.3432976
0.3493362 0.2711735
0.3345335 0.3077309
0.3214399 0.3224758
0.4319629 0.2773414
0.3767077 0.2887911
0.375578 0.2570125
0.4292668 0.2290592
0.4356111 0.1787895
0.3785318 0.2249277
0.3220599 0.3432932
0.3493489 0.2711692
0.3345461 0.3077265
0.3214525 0.3224714

Indices:

0 1 2
3 4 5
3 5 6
7 3 6
8 6 5
8 5 9
10 6 8
7 6 11
10 11 6
7 11 12
12 11 10
13 14 15
13 16 14
17 16 13
18 14 16
18 19 14
20 18 16
17 21 16
20 16 21
17 22 21
22 20 21
23 24 25
25 26 23
26 25 27
26 27 28
28 27 29
28 29 30
31 28 30
31 30 32
33 26 28
33 28 31
34 31 32
34 32 35
36 34 35
36 35 37
38 34 36
39 31 34
39 33 31
38 39 34
40 26 33
40 23 26
41 33 39
38 41 39
41 40 33
42 23 40
43 40 41
43 42 40
38 44 41
45 44 38
45 38 46
45 46 47
48 41 44
48 43 41
45 48 44
49 43 48
45 50 48
45 47 51
50 45 51
51 47 52
50 51 53
49 54 43
54 42 43
54 49 55
51 52 56
53 51 56
57 56 52
53 56 58
57 58 56
54 55 59
60 59 55
54 61 42
61 54 59
60 62 59
63 62 60
61 64 42
61 65 64
42 64 23
61 59 66
62 66 59
65 61 66
63 67 62
68 67 63
69 23 64
23 69 70
70 69 71
69 64 72
72 64 65
73 71 69
73 74 71
75 74 73
72 65 75
75 76 74
77 76 75
65 77 75
78 76 77
77 65 78
65 79 78
65 66 79
80 78 79
80 81 78
82 79 66
82 80 79
62 82 66
67 82 62
83 81 80
83 84 81
85 80 82
67 85 82
85 83 80
86 84 83
86 87 84
86 88 87
89 86 83
89 83 85
89 88 86
90 85 67
90 89 85
90 88 89
68 90 67
88 90 68
91 92 93
91 93 94
95 91 94
95 94 96
96 94 97
96 97 98
97 99 98
94 100 97
94 93 100
101 100 93
101 93 102
103 102 93
104 105 106
104 106 107
108 104 107
107 106 109
108 107 110
107 109 111
110 107 111
111 109 112
111 112 113
110 111 113
110 113 114
114 113 115
110 114 116
116 117 110
118 119 120
118 121 119
122 121 118
122 123 121
123 124 121
123 125 124
124 125 126
121 124 127
121 127 119
128 119 127
128 129 119
130 119 129
131 132 133
131 134 132
135 134 131
134 136 132
135 137 134
134 138 136
137 138 134
138 139 136
138 140 139
137 140 138
137 141 140
141 142 140
137 143 141
143 137 144
145 146 147
145 147 148
148 147 149
150 145 148
148 149 151
151 149 152
150 148 153
153 148 151
151 152 154
154 152 155
154 155 156
153 151 157
157 151 154
158 154 156
157 154 158
158 156 159
160 150 153
160 153 157
161 157 158
160 157 161
162 158 159
161 158 162
160 163 150
164 150 163
159 165 162
159 166 165
165 166 167
162 165 167
168 167 166
168 166 169
170 168 169
170 169 171
167 172 162
167 173 172
173 170 174
173 174 172
175 170 171
174 170 175
175 171 176
176 174 175
177 162 172
177 161 162
178 172 174
178 177 172
179 161 177
179 160 161
180 177 178
180 179 177
160 179 181
160 181 163
182 181 179
182 179 180
180 183 182
184 163 181
180 185 183
178 185 180
186 183 185
174 187 178
178 187 185
186 185 188
188 185 187
189 186 188
184 190 163
164 163 190
190 191 164
184 192 190
190 192 191
184 193 192
192 194 191
193 195 192
192 195 194
193 196 195
197 194 195
197 195 196
189 188 198
199 189 198
198 188 200
188 187 200
199 198 201
202 199 201
201 198 203
198 200 203
200 187 204
174 204 187
176 204 174
200 204 205
205 204 176
203 200 205
205 176 206
207 205 206
203 205 207
207 206 208
201 203 209
201 209 202
209 203 207
210 207 208
209 207 210
209 210 202
210 208 211
211 202 210
212 213 214
212 214 215
216 214 213
216 217 214
218 215 214
219 214 217
218 214 220
219 220 214
221 218 220
219 221 220
222 223 224
222 224 225
226 225 224
226 224 227
228 224 223
229 227 224
228 230 224
229 224 230
231 230 228
229 230 231
