Vertices:

-1.999998 0 2
-1.912032 0 2
-1.912032 0 1.91203
-1.999998 0 1.91203
-1.999998 0.064954 1.91203
-1.999998 0 1.91203
-1.912032 0 1.91203
-1.912032 0.064954 1.91203
-1.912032 0.064954 2
-1.324138 0.064954 2
-1.324138 0.064954 1.32414
-1.912032 0.064954 1.91203
-1.999998 0.064954 1.91203
-1.999998 0.064954 1.32414
-1.912032 0 2
-1.912032 0.064954 2
-1.912032 0.064954 1.91203
-1.912032 0 1.91203
-1.999998 0.064954 1.32414
-1.324138 0.064954 1.32414
-1.324138 0 1.32414
-2 0 1.32414
-1.324138 0 2
-1.324138 0 1.32414
-1.324138 0.064954 1.32414
-1.324138 0.064954 2
2.000004 0 2.000003
2.000004 0 1.912037
1.912035 0 1.912037
1.912035 0 2.000003
1.912035 0.064954 2.000003
1.912035 0 2.000003
1.912035 0 1.912037
1.912035 0.064954 1.912037
2.000004 0.064954 1.912037
2.000004 0.064954 1.324143
1.324144 0.064954 1.324143
1.912035 0.064954 1.912037
1.912035 0.064954 2.000003
1.324144 0.064954 2.000003
2.000004 0 1.912037
2.000004 0.064954 1.912037
1.912035 0.064954 1.912037
1.912035 0 1.912037
1.324144 0.064954 2.000003
1.324144 0.064954 1.324143
1.324144 0 1.324143
1.324144 0 2.000003
2.000004 0 1.324143
1.324144 0 1.324143
1.324144 0.064954 1.324143
2.000004 0.064954 1.324143
2.000003 0 -2.000003
1.912037 0 -2.000003
1.912037 0 -1.912033
2.000003 0 -1.912033
2.000003 0.064954 -1.912033
2.000003 0 -1.912033
1.912037 0 -1.912033
1.912037 0.064954 -1.912033
1.912037 0.064954 -2.000003
1.324143 0.064954 -2.000003
1.324143 0.064954 -1.324143
1.912037 0.064954 -1.912033
2.000003 0.064954 -1.912033
2.000003 0.064954 -1.324143
1.912037 0 -2.000003
1.912037 0.064954 -2.000003
1.912037 0.064954 -1.912033
1.912037 0 -1.912033
2.000003 0.064954 -1.324143
1.324143 0.064954 -1.324143
1.324143 0 -1.324143
2.000005 0 -1.324143
1.324143 0 -2.000003
1.324143 0 -1.324143
1.324143 0.064954 -1.324143
1.324143 0.064954 -2.000003
-2 0 -2.000006
-2 0 -1.91204
-1.91203 0 -1.91204
-1.91203 0 -2.000006
-1.91203 0.064954 -2.000006
-1.91203 0 -2.000006
-1.91203 0 -1.91204
-1.91203 0.064954 -1.91204
-2 0.064954 -1.91204
-2 0.064954 -1.324146
-1.32414 0.064954 -1.324146
-1.91203 0.064954 -1.91204
-1.91203 0.064954 -2.000006
-1.32414 0.064954 -2.000006
-2 0 -1.91204
-2 0.064954 -1.91204
-1.91203 0.064954 -1.91204
-1.91203 0 -1.91204
-1.32414 0.064954 -2.000006
-1.32414 0.064954 -1.324146
-1.32414 0 -1.324146
-1.32414 0 -2.000006
-2 0 -1.324146
-1.32414 0 -1.324146
-1.32414 0.064954 -1.324146
-2 0.064954 -1.324146
1.324144 0 1.324143
2.000004 0 1.324143
2.000005 0 -1.324143
1.324143 0 -1.324143
-1.32414 0 -1.324146
-1.32414 0 -2.000006
1.324143 0 -2.000003
-1.324138 0 1.32414
1.324144 0 2.000003
-1.324138 0 2
-2 0 1.32414
-2 0 -1.324146

Normals:

0 1 0
0 1 0
0 1 0
0 1 0
0 0 1
0 0 1
0 0 1
0 0 1
0 1 0
0 1 0
0 1 0
0 1 0
0 1 0
0 1 0
-1 0 0
-1 0 0
-1 0 0
-1 0 0
0 0 -1
0 0 -1
0 0 -1
0 0 -1
1 0 0
1 0 0
1 0 0
1 0 0
0 1 0
0 1 0
0 1 0
0 1 0
1 0 0
1 0 0
1 0 0
1 0 0
0 1 0
0 1 0
0 1 0
0 1 0
0 1 0
0 1 0
0 0 1
0 0 1
0 0 1
0 0 1
-1 0 0
-1 0 0
-1 0 0
-1 0 0
0 0 -1
0 0 -1
0 0 -1
0 0 -1
0 1 0
0 1 0
0 1 0
0 1 0
0 0 -1
0 0 -1
0 0 -1
0 0 -1
0 1 0
0 1 0
0 1 0
0 1 0
0 1 0
0 1 0
1 0 0
1 0 0
1 0 0
1 0 0
0 0 1
0 0 1
0 0 1
0 0 1
-1 0 0
-1 0 0
-1 0 0
-1 0 0
0 1 0
0 1 0
0 1 0
0 1 0
-1 0 0
-1 0 0
-1 0 0
-1 0 0
0 1 0
0 1 0
0 1 0
0 1 0
0 1 0
0 1 0
0 0 -1
0 0 -1
0 0 -1
0 0 -1
1 0 0
1 0 0
1 0 0
1 0 0
0 0 1
0 0 1
0 0 1
0 0 1
0 1 0
0 1 0
0 1 0
0 1 0
0 1 0
0 1 0
0 1 0
0 1 0
0 1 0
0 1 0
0 1 0
0 1 0

UVs:

1 0.999999
0.978008 0.999999
0.978008 0.978007
1 0.978007
1 0.978007
1 0.948007
0.948008 0.948007
0.978008 0.978007
0.978008 0.999999
0.831035 0.999999
0.831035 0.831034
0.978008 0.978007
1 0.978007
1 0.831034
0.948008 0.999999
0.978008 0.999999
0.978008 0.978007
0.948008 0.948007
1 0.861034
0.861035 0.861034
0.831035 0.831034
1 0.831034
0.831035 0.999999
0.831035 0.831034
0.861035 0.861034
0.861035 0.999999
0 1
0 0.978009
0.021993 0.978009
0.021993 1
0.051993 1
0.021993 1
0.021993 0.978009
0.051993 0.948009
0 0.978009
0 0.831035
0.168965 0.831035
0.021993 0.978009
0.021993 1
0.168965 1
0 0.978009
0 0.948009
0.051993 0.948009
0.021993 0.978009
0.168965 1
0.168965 0.831035
0.138965 0.861035
0.138965 1
0 0.861035
0.138965 0.861035
0.168965 0.831035
0 0.831035
1E-06 1.013279E-06
0.021992 1.013279E-06
0.021992 0.02199298
1E-06 0.02199298
1E-06 0.02199298
1E-06 0.05199301
0.051992 0.05199301
0.021992 0.02199298
0.021992 1.013279E-06
0.168965 1.013279E-06
0.168965 0.168965
0.021992 0.02199298
1E-06 0.02199298
1E-06 0.168965
0.051992 1.013279E-06
0.021992 1.013279E-06
0.021992 0.02199298
0.051992 0.05199301
1E-06 0.168965
0.168965 0.168965
0.138965 0.138965
0 0.138965
0.138965 1.013279E-06
0.138965 0.138965
0.168965 0.168965
0.168965 1.013279E-06
1 0
1 0.02199101
0.978008 0.02199101
0.978008 0
0.978008 0
0.948008 0
0.948008 0.05199099
0.978008 0.02199101
1 0.02199101
1 0.168965
0.831035 0.168965
0.978008 0.02199101
0.978008 0
0.831035 0
1 0.05199099
1 0.02199101
0.978008 0.02199101
0.948008 0.05199099
0.861035 0
0.861035 0.138965
0.831035 0.168965
0.831035 0
1 0.168965
0.831035 0.168965
0.861035 0.138965
1 0.138965
0.168965 0.831035
0 0.831035
0 0.168965
0.168965 0.168965
0.831035 0.168965
0.831035 0
0.168965 1.013279E-06
0.831035 0.831034
0.168965 1
0.831035 0.999999
1 0.831034
1 0.168965

Indices:

0 1 2
0 2 3
4 5 6
4 6 7
8 9 10
8 10 11
12 11 10
12 10 13
14 15 16
14 16 17
18 19 20
18 20 21
22 23 24
22 24 25
26 27 28
26 28 29
30 31 32
30 32 33
34 35 36
34 36 37
38 37 36
38 36 39
40 41 42
40 42 43
44 45 46
44 46 47
48 49 50
48 50 51
52 53 54
52 54 55
56 57 58
56 58 59
60 61 62
60 62 63
64 63 62
64 62 65
66 67 68
66 68 69
70 71 72
70 72 73
74 75 76
74 76 77
78 79 80
78 80 81
82 83 84
82 84 85
86 87 88
86 88 89
90 89 88
90 88 91
92 93 94
92 94 95
96 97 98
96 98 99
100 101 102
100 102 103
104 105 106
104 106 107
108 104 107
107 109 108
107 110 109
108 111 104
111 112 104
111 113 112
114 111 108
114 108 115
