Vertices:

2 0 -1.91203
2 0 -2
-2 0 -2
-2 0 -1.91203
2 0 2
2 0 1.91203
-2 0 1.91203
-2 0 2
-2 0 1.324135
-2 0.064954 1.324135
2 0.064954 1.324135
2 0 1.324135
2 0 1.324135
2 0 -1.324135
-2 0 -1.324135
-2 0 1.324135
-2 0 -1.91203
-2 0.064954 -1.91203
2 0.064954 -1.91203
2 0 -1.91203
2 0.064954 1.91203
2 0.064954 1.324135
-2 0.064954 1.324135
-2 0.064954 1.91203
2 0.064954 -1.324135
2 0.064954 -1.91203
-2 0.064954 -1.91203
-2 0.064954 -1.324135
2 0 -1.324135
2 0.064954 -1.324135
-2 0.064954 -1.324135
-2 0 -1.324135
2 0 1.91203
2 0.064954 1.91203
-2 0.064954 1.91203
-2 0 1.91203

Normals:

0 1 0
0 1 0
0 1 0
0 1 0
0 1 0
0 1 0
0 1 0
0 1 0
0 0 -1
0 0 -1
0 0 -1
0 0 -1
0 1 0
0 1 0
0 1 0
0 1 0
0 0 -1
0 0 -1
0 0 -1
0 0 -1
0 1 0
0 1 0
0 1 0
0 1 0
0 1 0
0 1 0
0 1 0
0 1 0
0 0 1
0 0 1
0 0 1
0 0 1
0 0 1
0 0 1
0 0 1
0 0 1

UVs:

0.978007 0
1 0
1 1
0.978007 1
0 0
0.021993 0
0.021993 1
0 1
0.138966 1
0.168966 1
0.168966 0
0.138966 0
0.168966 0
0.831034 0
0.831034 1
0.168966 1
0.948008 1
0.978007 1
0.978007 0
0.948008 0
0.021993 0
0.168966 0
0.168966 1
0.021993 1
0.831034 0
0.978007 0
0.978007 1
0.831034 1
0.861034 0
0.831034 0
0.831034 1
0.861034 1
0.051993 0
0.021993 0
0.021993 1
0.051993 1

Indices:

0 1 2
0 2 3
4 5 6
4 6 7
8 9 10
8 10 11
12 13 14
12 14 15
16 17 18
16 18 19
20 21 22
20 22 23
24 25 26
24 26 27
28 29 30
28 30 31
32 33 34
32 34 35
