Vertices:

2 0.75 1.25
2 0.75 1
-1 0.75 1
-1.25 0.75 1.25
-1.25 0.75 -2
-1 0.75 -2
2 0.5 1.25
2 0.75 1.25
-1.25 0.75 1.25
-1.25 0.5 1.25
2 0.5 1.5
2 0.5 1.25
-1.25 0.5 1.25
-1.5 0.5 1.5
-1.5 0.5 -2
-1.25 0.5 -2
2 0.25 1.5
2 0.5 1.5
-1.5 0.5 1.5
-1.5 0.25 1.5
2 0.25 1.75
2 0.25 1.5
-1.5 0.25 1.5
-1.75 0.25 1.75
-1.75 0.25 -2
-1.5 0.25 -2
2 0 1.75
2 0.25 1.75
-1.75 0.25 1.75
-1.75 0 1.75
2 0 2
2 0 1.75
-1.75 0 1.75
-2 0 2
-1.75 0 -2
-2 0 -2
2 1 1
2 1 -2
-1 1 -2
-1 1 1
-1.75 0.25 1.75
-1.75 0.25 -2
-1.75 0 -2
-1.75 0 1.75
-1.5 0.5 1.5
-1.5 0.5 -2
-1.5 0.25 -2
-1.5 0.25 1.5
-1.25 0.75 1.25
-1.25 0.75 -2
-1.25 0.5 -2
-1.25 0.5 1.25
-1 0.75 -2
-1 0.75 1
-1 1 1
-1 1 -2
2 1 1
-1 1 1
-1 0.75 1
2 0.75 1

Normals:

0 1 0
0 1 0
0 1 0
0 1 0
0 1 0
0 1 0
0 0 1
0 0 1
0 0 1
0 0 1
0 1 0
0 1 0
0 1 0
0 1 0
0 1 0
0 1 0
0 0 1
0 0 1
0 0 1
0 0 1
0 1 0
0 1 0
0 1 0
0 1 0
0 1 0
0 1 0
0 0 1
0 0 1
0 0 1
0 0 1
0 1 0
0 1 0
0 1 0
0 1 0
0 1 0
0 1 0
0 1 0
0 1 0
0 1 0
0 1 0
-1 0 0
-1 0 0
-1 0 0
-1 0 0
-1 0 0
-1 0 0
-1 0 0
-1 0 0
-1 0 0
-1 0 0
-1 0 0
-1 0 0
-1 0 0
-1 0 0
-1 0 0
-1 0 0
0 0 1
0 0 1
0 0 1
0 0 1

UVs:

0.8125 1
0.75 1
0.75 0.25
0.8125 0.1875
0 0.1875
0 0.25
0.875 1
0.8125 1
0.8125 0.1875
0.875 0.125
0.875 1
0.8125 1
0.8125 0.1875
0.875 0.125
0 0.125
0 0.1875
0.9375 1
0.875 1
0.875 0.125
0.9375 0.0625
0.9375 1
0.875 1
0.875 0.125
0.9375 0.0625
0 0.0625
0 0.125
1 1
0.9375 1
0.9375 0.0625
1 0
1 1
0.9375 1
0.9375 0.0625
1 0
0 0.0625
0 0
0.75 1
0 1
0 0.25
0.75 0.25
0.9375 0.0625
0 0.0625
0 0
1 0
0.875 0.125
0 0.125
0 0.0625
0.9375 0.0625
0.8125 0.1875
0 0.1875
0 0.125
0.875 0.125
0 0.25
0.75 0.25
0.8125 0.1875
0 0.1875
0.8125 1
0.8125 0.1875
0.75 0.25
0.75 1

Indices:

0 1 2
0 2 3
2 4 3
2 5 4
6 7 8
6 8 9
10 11 12
10 12 13
12 14 13
12 15 14
16 17 18
16 18 19
20 21 22
20 22 23
22 24 23
22 25 24
26 27 28
26 28 29
30 31 32
30 32 33
34 33 32
34 35 33
36 37 38
36 38 39
40 41 42
40 42 43
44 45 46
44 46 47
48 49 50
48 50 51
52 53 54
52 54 55
56 57 58
56 58 59
