Vertices:

-1 0 -0.15
-1 0 0
1 0 0
1 0 -0.15
-1 0 -0.15
1 0 -0.15
1 1.8 -0.15
-1 1.8 -0.15
-0.980785 1.99509 -0.15
-0.92388 2.182683 -0.15
-0.83147 2.35557 -0.15
-0.707107 2.507107 -0.15
-0.55557 2.631469 -0.15
-0.382683 2.723879 -0.15
-0.19509 2.780785 -0.15
0 2.8 -0.15
0.195089 2.780786 -0.15
0.382682 2.72388 -0.15
0.555569 2.63147 -0.15
0.707106 2.507108 -0.15
0.831469 2.355571 -0.15
0.923879 2.182684 -0.15
0.980785 1.995091 -0.15
1 1.800001 -0.15
0.499932 2.85 0
2 2.850001 0
2 2.850001 0.099496
0.499932 2.85 0.099496
-1 0 0
-1 1.8 0
-1.366456 0 0
-0.980785 1.99509 0
-1.379114 0.046525 0
-1.412812 0.09305 0
-1.45159 0.126914 0
-1.4998 0.15 0
-1.4998 2.85 0
-0.92388 2.182683 0
-0.83147 2.35557 0
-0.499934 2.85 0
-0.707107 2.507107 0
-0.55557 2.631469 0
-0.382683 2.723879 0
-0.19509 2.780785 0
0.499932 2.85 0
0 2.8 0
0.195089 2.780786 0
0.382682 2.72388 0
0.555569 2.63147 0
2 2.850001 0
0.707106 2.507108 0
0.831469 2.355571 0
0.923879 2.182684 0
0.980785 1.995091 0
1 1.800001 0
1 1.8 0
1 0 0
1 -1 0
2 -1 0
2 0.15 0
2 0.126914 0
2 0.093049 0
2 0.046525 0
0.483863 2.873086 0.109085
0.483863 2.873086 -0.005895
0.499933 2.85 -0.015484
0.499932 2.85 0.099496
0.470937 2.906951 0.116799
0.470937 2.906951 0.001818
0.483863 2.873086 -0.005895
0.483863 2.873086 0.109085
0.459704 2.953475 0.123502
0.459704 2.953475 0.008522
0.470937 2.906951 0.001818
0.470937 2.906951 0.116799
0.455484 3.000001 0.12602
0.455485 3.000001 0.011039
0.459704 2.953475 0.008522
0.459704 2.953475 0.123502
-1.4998 2.85 0
-0.499934 2.85 0
-0.499934 2.85 0.099496
-1.4998 2.85 0.099496
-0.499934 2.85 0.099496
-0.499933 2.85 -0.015484
-0.483863 2.873086 -0.005895
-0.483864 2.873086 0.109085
-0.483864 2.873086 0.109085
-0.483863 2.873086 -0.005895
-0.470937 2.906951 0.001818
-0.470938 2.906951 0.116799
-0.470938 2.906951 0.116799
-0.470937 2.906951 0.001818
-0.459704 2.953475 0.008522
-0.459705 2.953475 0.123502
-0.459705 2.953475 0.123502
-0.459704 2.953475 0.008522
-0.455485 3.000001 0.011039
-0.455486 3.000001 0.12602
-0.483863 2.873086 -0.005895
-0.499933 2.85 -0.015484
0.499933 2.85 -0.015484
-0.470937 2.906951 0.001818
-0.459704 2.953475 0.008522
-0.455485 3.000001 0.011039
0.483863 2.873086 -0.005895
0.470937 2.906951 0.001818
0.459704 2.953475 0.008522
0.455485 3.000001 0.011039
-1.462907 3 0.358874
-1.379114 2.953475 0.123502
-1.366456 3 0.12602
-1.473638 2.953475 0.351704
-1.412812 2.906951 0.116799
-1.648296 2.953476 0.526363
-1.641126 3.000001 0.537094
-1.502206 2.906951 0.332615
-1.45159 2.873086 0.109086
-1.876498 2.953476 0.620887
-1.87398 3.000001 0.633545
-1.667385 2.906951 0.497795
-1.535081 2.873086 0.310649
-1.4998 2.85 0.099496
-2 2.953476 0.620887
-2 3.000001 0.633545
-2 2.906951 0.587189
-1.883201 2.906951 0.587189
-2 2.873087 0.548411
-1.890915 2.873087 0.548411
-2 2.850001 0.500202
-1.689351 2.873087 0.464921
-1.900504 2.850001 0.500202
-2 0.15 0.500202
-1.716659 2.850001 0.424051
-1.900504 0.15 0.500202
-1.575951 2.85 0.283341
-1.890915 0.126914 0.548411
-2 0.126914 0.548411
-1.716659 0.15 0.424051
-1.689351 0.126914 0.464921
-1.883201 0.093049 0.587189
-2 0.093049 0.587189
-1.667385 0.093049 0.497795
-1.876498 0.046525 0.620887
-2 0.046525 0.620887
-1.87398 0 0.633545
-2 0 0.633545
-1.641126 0 0.537094
-1.648296 0.046525 0.526363
-1.462907 0 0.358874
-1.473638 0.046525 0.351704
-1.502206 0.09305 0.332615
-1.379114 0.046525 0.123502
-1.366456 0 0.12602
-1.379114 0.046525 0
-1.366456 0 0
-1.412812 0.09305 0
-1.412812 0.09305 0.116799
-1.45159 0.126914 0
-1.45159 0.126914 0.109086
-1.4998 0.15 0
-1.535081 0.126914 0.310649
-1.4998 0.15 0.099496
-1.575951 0.15 0.283341
-1.4998 2.85 0
-1 1.8 -0.15
-0.980785 1.99509 0
-1 1.8 0
-0.980785 1.99509 -0.15
-0.92388 2.182683 0
-0.92388 2.182683 -0.15
-0.83147 2.35557 0
-0.83147 2.35557 -0.15
-0.707107 2.507107 0
-0.707107 2.507107 -0.15
-0.55557 2.631469 0
-0.55557 2.631469 -0.15
-0.382683 2.723879 0
-0.382683 2.723879 -0.15
-0.19509 2.780785 0
-0.19509 2.780785 -0.15
0 2.8 0
0 2.8 -0.15
0.195089 2.780786 0
0.195089 2.780786 -0.15
0.382682 2.72388 0
0.382682 2.72388 -0.15
0.555569 2.63147 0
0.555569 2.63147 -0.15
0.707106 2.507108 0
0.707106 2.507108 -0.15
0.831469 2.355571 0
0.831469 2.355571 -0.15
0.923879 2.182684 0
0.923879 2.182684 -0.15
0.980785 1.995091 0
0.980785 1.995091 -0.15
1 1.800001 0
1 1.800001 -0.15
1 1.8 0
1 1.8 -0.15
1 0 0
1 0 -0.15
-1 0 -0.15
-1 1.8 -0.15
-1 1.8 0
-1 0 0
-0.499934 2.85 0.099496
-1.45159 2.873086 0.109086
-1.4998 2.85 0.099496
-0.483864 2.873086 0.109085
-1.412812 2.906951 0.116799
-0.470938 2.906951 0.116799
-1.379114 2.953475 0.123502
-0.459705 2.953475 0.123502
-1.366456 3 0.12602
-0.455486 3.000001 0.12602
2 2.953476 0.123502
2 3.000001 0.12602
0.455484 3.000001 0.12602
0.459704 2.953475 0.123502
2 2.906951 0.116799
0.470937 2.906951 0.116799
2 2.873087 0.109085
0.483863 2.873086 0.109085
2 2.850001 0.099496
0.499932 2.85 0.099496

Normals:

0 1 0
0 1 0
0 1 0
0 1 0
0 0 1
0 0 1
0 0 1
0 0 1
0 0 1
0 0 1
0 0 1
0 0 1
0 0 1
0 0 1
0 0 1
0 0 1
0 0 1
0 0 1
0 0 1
0 0 1
0 0 1
0 0 1
0 0 1
0 0 1
0 -1 0
0 -1 0
0 -1 0
0 -1 0
0 0 1
0 0 1
0 0 1
0 0 1
0 0 1
0 0 1
0 0 1
0 0 1
0 0 1
0 0 1
0 0 1
0 0 1
0 0 1
0 0 1
0 0 1
0 0 1
0 0 1
0 0 1
0 0 1
0 0 1
0 0 1
0 0 1
0 0 1
0 0 1
0 0 1
0 0 1
0 0 1
0 0 1
0 0 1
0 0 1
0 0 1
0 0 1
0 0 1
0 0 1
0 0 1
-0.8207278 -0.5713194 0
-0.8207278 -0.5713194 0
-0.8207278 -0.5713194 0
-0.8207278 -0.5713194 0
-0.9342626 -0.3565857 0
-0.9342626 -0.3565857 0
-0.9342626 -0.3565857 0
-0.9342626 -0.3565857 0
-0.9720696 -0.2346926 0
-0.9720696 -0.2346926 0
-0.9720696 -0.2346926 0
-0.9720696 -0.2346926 0
-0.9959145 -0.09030132 0
-0.9959145 -0.09030132 0
-0.9959145 -0.09030132 0
-0.9959145 -0.09030132 0
0 -1 0
0 -1 0
0 -1 0
0 -1 0
0.8207278 -0.5713194 0
0.8207278 -0.5713194 0
0.8207278 -0.5713194 0
0.8207278 -0.5713194 0
0.9342626 -0.3565857 0
0.9342626 -0.3565857 0
0.9342626 -0.3565857 0
0.9342626 -0.3565857 0
0.9720696 -0.2346926 0
0.9720696 -0.2346926 0
0.9720696 -0.2346926 0
0.9720696 -0.2346926 0
0.9959145 -0.09030132 0
0.9959145 -0.09030132 0
0.9959145 -0.09030132 0
0.9959145 -0.09030132 0
0 -0.1770019 0.9842105
0 -0.1770019 0.9842105
0 -0.1770019 0.9842105
0 -0.1770019 0.9842105
0 -0.1770019 0.9842105
0 -0.1770019 0.9842105
0 -0.1770019 0.9842105
0 -0.1770019 0.9842105
0 -0.1770019 0.9842105
0 -0.1770019 0.9842105
0.8011904 -0.2672969 0.5353936
0.4655092 -0.305306 0.8307163
0.4844108 -0.178104 0.8565192
0.7509178 -0.4293102 0.5018119
0.3923108 -0.5039139 0.7695212
0.5018119 -0.4293102 0.7509178
0.5353936 -0.2672969 0.8011904
0.6140968 -0.6741965 0.4102978
0.2865026 -0.668506 0.6863061
0.1762012 -0.4293029 0.885806
0.1879993 -0.267299 0.9450966
0.4102978 -0.6741965 0.6140968
0.4608963 -0.8322933 0.3079975
0.8465787 -0.197695 0.4941875
0 -0.4315864 0.9020717
0 -0.2625081 0.9649298
0 -0.6742243 0.7385266
0.1440953 -0.6741779 0.7243762
0 -0.8352212 0.549914
0.108099 -0.8322923 0.5436949
0 -0.5330069 0.8461109
0.3079975 -0.8322933 0.4608963
0.1605006 -0.5686021 0.806803
0 0.5330069 0.8461109
0.4569975 -0.568597 0.6839963
0.1605006 0.5686021 0.806803
0.6839963 -0.568597 0.4569975
0.108099 0.8322923 0.5436949
0 0.8352212 0.549914
0.4569975 0.568597 0.6839963
0.3079975 0.8322933 0.4608963
0.1440953 0.6741779 0.7243762
0 0.6742243 0.7385266
0.4102978 0.6741965 0.6140968
0.1762012 0.4293029 0.885806
0 0.4315864 0.9020717
0.1879993 0.267299 0.9450966
0 0.2625081 0.9649298
0.5353936 0.2672969 0.8011904
0.5018119 0.4293102 0.7509178
0.8011904 0.2672969 0.5353936
0.7509178 0.4293102 0.5018119
0.6140968 0.6741965 0.4102978
0.885806 0.4293029 0.1762012
0.9450966 0.267299 0.1879993
0.6706085 0.3209041 0.6688085
0.427708 0.903917 0
0.5395834 0.4928848 0.682579
0.7243762 0.6741779 0.1440953
0.4042994 0.6139991 0.677899
0.5436949 0.8322923 0.108099
0.6740063 0.4246039 0.6045056
0.4608963 0.8322933 0.3079975
0.806803 0.5686021 0.1605006
0.6839963 0.568597 0.4569975
0.5773836 -0.5772836 0.5773836
0.7037399 -0.06933449 0.7070663
0.6918283 -0.1376056 0.708829
0.8691311 -0.08560307 0.4871174
0.6918283 -0.1376056 0.708829
0.6516966 -0.2699986 0.7087963
0.6518069 -0.2697029 0.7088076
0.5865988 -0.3917991 0.7087985
0.5865988 -0.3917991 0.7087985
0.4988999 -0.4986999 0.7087999
0.4987999 -0.4987999 0.7087998
0.3919068 -0.5865101 0.7088123
0.3922913 -0.586287 0.7087843
0.2699986 -0.6516966 0.7087963
0.2699986 -0.6516966 0.7087963
0.1375075 -0.6918377 0.7088386
0.1376056 -0.6918283 0.708829
0 -0.7054048 0.7088048
0.000300002 -0.7054048 0.7088048
-0.1376056 -0.6918283 0.708829
-0.1376056 -0.6918283 0.708829
-0.2698883 -0.6517717 0.7087693
-0.2698883 -0.6517717 0.7087693
-0.3919068 -0.5865101 0.7088123
-0.3914992 -0.5867988 0.7087986
-0.4986999 -0.4988999 0.7087999
-0.4987999 -0.4987999 0.7087998
-0.5865101 -0.3919068 0.7088123
-0.58631 -0.3922066 0.7088121
-0.6516039 -0.2702016 0.7088042
-0.6515862 -0.2702943 0.7087851
-0.6918283 -0.1376056 0.708829
-0.6918283 -0.1376056 0.708829
-0.7016979 -0.07129979 0.7088979
-0.701708 -0.0711008 0.708908
-0.7056296 -0.03670154 0.7076297
-0.7056296 -0.03670154 0.7076297
-0.4472136 -0.8944272 0
-0.4472136 0.8944272 0
0.4472136 0.8944272 0
0.5161125 0 0.8565208
0.7071068 0 0.7071068
0.4472136 -0.8944272 0
0.2841896 -0.8496689 0.4441838
0.2865026 -0.668506 0.6863061
0.8465787 -0.197695 0.4941875
0.5944185 -0.5051157 0.6257194
0.3923108 -0.5039139 0.7695212
0.6629001 -0.3291001 0.6725002
0.4655092 -0.305306 0.8307163
0.6981833 -0.1831956 0.6920835
0.4844108 -0.178104 0.8565192
0 0.6750633 0.7377598
0 -0.09840459 0.9951465
0 -0.05400221 0.9985408
0 0.6750633 0.7377598
-0.6981833 -0.1831956 0.6920835
0 -0.182501 0.9832056
-0.6629448 -0.3291222 0.6724454
0 -0.3039011 0.9527035
-0.5944185 -0.5051157 0.6257194
0.5552039 -0.3190023 0.7681055
-0.2843056 -0.8496169 0.4442089

UVs:

0.250014 0.962801
0.250014 1.000299
0.749986 1.000299
0.749986 0.962801
0.25 1
0.75 1
0.75 0.55
0.25 0.55
0.254804 0.501228
0.26903 0.454329
0.292133 0.411108
0.323223 0.373223
0.361108 0.342133
0.404329 0.31903
0.451228 0.304804
0.5 0.3
0.548772 0.304804
0.595671 0.31903
0.638892 0.342133
0.676777 0.373223
0.707867 0.411107
0.73097 0.454329
0.745196 0.501227
0.75 0.55
0.356891 0.995482
0.006218 0.995483
0.006218 0.960587
0.356891 0.960587
0.25 1
0.25 0.55
0.158386 1
0.254804 0.501228
0.155222 0.988369
0.146797 0.976737
0.137103 0.968271
0.12505 0.9625
0.12505 0.2875
0.26903 0.454329
0.292133 0.411108
0.375017 0.2875
0.323223 0.373223
0.361108 0.342133
0.404329 0.31903
0.451228 0.304804
0.624983 0.2875
0.5 0.3
0.548772 0.304804
0.595671 0.31903
0.638892 0.342133
1 0.2875
0.676777 0.373223
0.707867 0.411107
0.73097 0.454329
0.745196 0.501227
0.75 0.55
0.75 0.55
0.75 1
0.75 1.25
1 1.25
1 0.9625
1 0.968271
1 0.976738
1 0.988369
0.620966 0.281729
0.620966 0.281729
0.624983 0.2875
0.624983 0.2875
0.617734 0.273262
0.617734 0.273262
0.620966 0.281729
0.620966 0.281729
0.614926 0.261631
0.614926 0.261631
0.617734 0.273262
0.617734 0.273262
0.613871 0.25
0.613871 0.25
0.614926 0.261631
0.614926 0.261631
0.006218 0.960543
0.006218 0.60987
0.041113 0.60987
0.041113 0.960543
0.375017 0.2875
0.375017 0.2875
0.379034 0.281729
0.379034 0.281729
0.379034 0.281729
0.379034 0.281729
0.382266 0.273263
0.382266 0.273263
0.382266 0.273263
0.382266 0.273263
0.385074 0.261631
0.385074 0.261631
0.385074 0.261631
0.385074 0.261631
0.386129 0.25
0.386129 0.25
0.379034 0.281729
0.375017 0.2875
0.624983 0.2875
0.382266 0.273263
0.385074 0.261631
0.386129 0.25
0.620966 0.281729
0.617734 0.273262
0.614926 0.261631
0.613871 0.25
0.005635 0.812136
0.03489 0.746788
0.0216 0.742952
0.019023 0.814195
0.050344 0.752398
0.013755 0.883081
5.3E-05 0.882991
0.035161 0.816613
0.0641 0.757873
0.018613 0.951968
0.005122 0.95402
0.030407 0.883139
0.049982 0.818835
0.07762 0.763464
0.026922 0.98532
0.013515 0.988652
0.04265 0.981197
0.034613 0.949635
0.056624 0.97759
0.049361 0.94754
0.070557 0.974626
0.045724 0.883194
0.065237 0.945243
0.922806 0.98319
0.062514 0.883255
0.929523 0.952774
0.065654 0.821257
0.945808 0.956047
0.936984 0.986713
0.935912 0.889162
0.953235 0.890237
0.960839 0.959006
0.951117 0.99098
0.968974 0.891232
0.977071 0.962258
0.966963 0.995904
0.990706 0.96507
0.980463 0.999947
0.999947 0.893178
0.98601 0.892322
0.999947 0.820881
0.986183 0.821683
0.969322 0.822619
0.977979 0.752162
0.99153 0.749519
0.968315 0.718671
0.981752 0.71481
0.95254 0.723381
0.961846 0.755212
0.938468 0.727461
0.946902 0.757983
0.924356 0.730811
0.953727 0.823501
0.930724 0.761043
0.937024 0.8246
0.077551 0.733875
2.2E-05 0.267427
0.02227 0.296504
0.02227 0.267427
2.1E-05 0.296503
0.022269 0.32558
2.1E-05 0.32558
0.022269 0.354657
2E-05 0.354656
0.022269 0.383733
2E-05 0.383733
0.022268 0.41281
2E-05 0.41281
0.022268 0.441887
1.9E-05 0.441886
0.022267 0.470963
1.9E-05 0.470963
0.022267 0.50004
1.8E-05 0.500039
0.022266 0.529116
1.8E-05 0.529116
0.022266 0.558193
1.7E-05 0.558192
0.022266 0.587269
1.7E-05 0.587269
0.022265 0.616346
1.7E-05 0.616346
0.022265 0.645423
1.6E-05 0.645422
0.022264 0.674499
1.6E-05 0.674499
0.022264 0.703576
1.5E-05 0.703576
0.022264 0.732653
1.5E-05 0.732652
0.022267 0.733041
2.2E-05 0.73304
0.022263 0.999985
1.7E-05 0.999985
1.8E-05 1.502037E-05
1.5E-05 0.267038
0.022267 0.267039
0.02227 1.502037E-05
0.375017 0.2875
0.137103 0.281729
0.12505 0.2875
0.379034 0.281729
0.146797 0.273263
0.382266 0.273263
0.155222 0.261631
0.385074 0.261631
0.158386 0.25
0.386129 0.25
1 0.261631
1 0.25
0.613871 0.25
0.614926 0.261631
1 0.273262
0.617734 0.273262
1 0.281729
0.620966 0.281729
1 0.2875
0.624983 0.2875

Indices:

0 1 2
0 2 3
4 5 6
4 6 7
8 7 6
6 9 8
6 10 9
6 11 10
6 12 11
6 13 12
6 14 13
6 15 14
6 16 15
6 17 16
6 18 17
6 19 18
6 20 19
6 21 20
6 22 21
6 23 22
24 25 26
24 26 27
28 29 30
30 29 31
32 30 31
33 32 31
34 33 31
35 34 31
36 35 31
31 37 36
37 38 36
38 39 36
38 40 39
40 41 39
41 42 39
42 43 39
43 44 39
43 45 44
45 46 44
46 47 44
47 48 44
48 49 44
48 50 49
50 51 49
51 52 49
52 53 49
53 54 49
54 55 49
55 56 49
56 57 49
57 58 49
58 59 49
58 60 59
58 61 60
58 62 61
63 64 65
63 65 66
67 68 69
67 69 70
71 72 73
71 73 74
75 76 77
75 77 78
79 80 81
79 81 82
83 84 85
83 85 86
87 88 89
87 89 90
91 92 93
91 93 94
95 96 97
95 97 98
99 100 101
101 102 99
101 103 102
101 104 103
101 105 104
105 106 104
106 107 104
107 108 104
109 110 111
109 112 110
112 113 110
109 114 112
109 115 114
112 116 113
116 117 113
115 118 114
115 119 118
112 114 120
112 120 116
116 121 117
121 122 117
119 123 118
119 124 123
118 123 125
114 118 126
118 125 126
114 126 120
126 125 127
126 127 128
120 126 128
129 128 127
116 120 130
120 128 130
116 130 121
129 131 128
130 128 131
132 131 129
121 130 133
130 131 133
132 134 131
134 133 131
121 133 135
121 135 122
136 134 132
136 132 137
134 138 133
135 133 138
139 134 136
139 138 134
140 136 137
140 137 141
142 139 136
142 136 140
143 140 141
143 141 144
145 143 144
145 144 146
147 143 145
148 140 143
147 148 143
148 142 140
149 148 147
150 142 148
149 150 148
151 139 142
150 151 142
149 152 150
149 153 152
153 154 152
153 155 154
152 154 156
150 152 157
152 156 157
150 157 151
157 156 158
157 158 159
151 157 159
159 158 160
151 161 139
151 159 161
161 138 139
159 160 162
161 159 162
161 163 138
161 162 163
135 138 163
162 135 163
162 122 135
160 122 162
160 164 122
165 166 167
165 168 166
168 169 166
168 170 169
170 171 169
170 172 171
172 173 171
172 174 173
174 175 173
174 176 175
176 177 175
176 178 177
178 179 177
178 180 179
180 181 179
180 182 181
182 183 181
182 184 183
184 185 183
184 186 185
186 187 185
186 188 187
188 189 187
188 190 189
190 191 189
190 192 191
192 193 191
192 194 193
194 195 193
194 196 195
196 197 195
196 198 197
198 199 197
198 200 199
200 201 199
200 202 201
203 204 205
203 205 206
207 208 209
207 210 208
210 211 208
210 212 211
212 213 211
212 214 213
214 215 213
214 216 215
217 218 219
217 219 220
221 217 220
221 220 222
223 221 222
223 222 224
225 223 224
225 224 226
