Vertices:

1 0 -0.15
-1 0 -0.15
-1 0 0
1 0 0
1 0 -0.15
-1 1.8 -0.15
-1 0 -0.15
1 1.8 -0.15
-0.980785 1.995091 -0.15
-1 1.800001 -0.15
-0.923879 2.182684 -0.15
-0.831469 2.355571 -0.15
-0.707106 2.507108 -0.15
-0.555569 2.63147 -0.15
-0.382682 2.72388 -0.15
-0.195089 2.780786 -0.15
0 2.8 -0.15
0.19509 2.780785 -0.15
0.382683 2.723879 -0.15
0.55557 2.631469 -0.15
0.707107 2.507107 -0.15
0.83147 2.35557 -0.15
0.92388 2.182683 -0.15
0.980785 1.99509 -0.15
-0.499932 2.85 0
-0.499932 2.85 0.099496
-2 2.850001 0.099496
-2 2.850001 0
1.45159 0.126914 0
1.4998 0.15 0
1.4998 2.85 0
1.412812 0.09305 0
1.379114 0.046525 0
1.366456 0 0
1 0 0
1 1.8 0
0.980785 1.99509 0
0.92388 2.182683 0
0.83147 2.35557 0
0.707107 2.507107 0
0.55557 2.631469 0
0.499934 2.85 0
0.382683 2.723879 0
0.19509 2.780785 0
0 2.8 0
-0.195089 2.780786 0
-0.499932 2.85 0
-0.382682 2.72388 0
-0.555569 2.63147 0
-0.707106 2.507108 0
-0.831469 2.355571 0
-2 2.850001 0
-0.923879 2.182684 0
-2 0.15 0
-2 0.126914 0
-2 0.093049 0
-2 0.046525 0
-2 -1 0
-0.980785 1.995091 0
-1 1.800001 0
-1 -1 0
-1 1.8 0
-1 0 0
-0.483863 2.873086 0.109085
-0.499932 2.85 0.099496
-0.499933 2.85 -0.015484
-0.483863 2.873086 -0.005895
-0.470937 2.906951 0.116799
-0.483863 2.873086 0.109085
-0.483863 2.873086 -0.005895
-0.470937 2.906951 0.001818
-0.459704 2.953475 0.123502
-0.470937 2.906951 0.116799
-0.470937 2.906951 0.001818
-0.459704 2.953475 0.008522
-0.455484 3.000001 0.12602
-0.459704 2.953475 0.123502
-0.459704 2.953475 0.008522
-0.455485 3.000001 0.011039
1.4998 2.85 0
1.4998 2.85 0.099496
0.499934 2.85 0.099496
0.499934 2.85 0
0.499934 2.85 0.099496
0.483864 2.873086 0.109085
0.483863 2.873086 -0.005895
0.499933 2.85 -0.015484
0.483864 2.873086 0.109085
0.470938 2.906951 0.116799
0.470937 2.906951 0.001818
0.483863 2.873086 -0.005895
0.470938 2.906951 0.116799
0.459705 2.953475 0.123502
0.459704 2.953475 0.008522
0.470937 2.906951 0.001818
0.459705 2.953475 0.123502
0.455486 3.000001 0.12602
0.455485 3.000001 0.011039
0.459704 2.953475 0.008522
-0.483863 2.873086 -0.005895
-0.499933 2.85 -0.015484
0.499933 2.85 -0.015484
-0.470937 2.906951 0.001818
-0.459704 2.953475 0.008522
-0.455485 3.000001 0.011039
0.483863 2.873086 -0.005895
0.470937 2.906951 0.001818
0.459704 2.953475 0.008522
0.455485 3.000001 0.011039
1.462907 3 0.358874
1.366456 3 0.12602
1.379114 2.953475 0.123502
1.473638 2.953475 0.351704
1.412812 2.906951 0.116799
1.648296 2.953476 0.526363
1.641126 3.000001 0.537094
1.502206 2.906951 0.332615
1.45159 2.873086 0.109086
1.876498 2.953476 0.620887
1.87398 3.000001 0.633545
1.667385 2.906951 0.497795
1.535081 2.873086 0.310649
1.4998 2.85 0.099496
2 2.953476 0.620887
2 3.000001 0.633545
2 2.906951 0.587189
1.883201 2.906951 0.587189
2 2.873087 0.548411
1.890915 2.873087 0.548411
2 2.850001 0.500202
1.689351 2.873087 0.464921
1.900504 2.850001 0.500202
2 0.15 0.500202
1.716659 2.850001 0.424051
1.900504 0.15 0.500202
1.575951 2.85 0.283341
1.890915 0.126914 0.548411
2 0.126914 0.548411
1.716659 0.15 0.424051
1.689351 0.126914 0.464921
1.883201 0.093049 0.587189
2 0.093049 0.587189
1.667385 0.093049 0.497795
1.876498 0.046525 0.620887
2 0.046525 0.620887
1.87398 0 0.633545
2 0 0.633545
1.641126 0 0.537094
1.648296 0.046525 0.526363
1.462907 0 0.358874
1.473638 0.046525 0.351704
1.502206 0.09305 0.332615
1.535081 0.126914 0.310649
1.379114 0.046525 0.123502
1.366456 0 0.12602
1.412812 0.09305 0.116799
1.379114 0.046525 0
1.366456 0 0
1.412812 0.09305 0
1.45159 0.126914 0
1.45159 0.126914 0.109086
1.4998 0.15 0
1.575951 0.15 0.283341
1.4998 0.15 0.099496
1.4998 2.85 0
1 0 -0.15
1 0 0
1 1.8 0
1 1.8 -0.15
0.980785 1.99509 0
0.980785 1.99509 -0.15
0.92388 2.182683 0
0.92388 2.182683 -0.15
0.83147 2.35557 0
0.83147 2.35557 -0.15
0.707107 2.507107 0
0.707107 2.507107 -0.15
0.55557 2.631469 0
0.55557 2.631469 -0.15
0.382683 2.723879 0
0.382683 2.723879 -0.15
0.19509 2.780785 0
0.19509 2.780785 -0.15
0 2.8 0
0 2.8 -0.15
-0.195089 2.780786 0
-0.195089 2.780786 -0.15
-0.382682 2.72388 0
-0.382682 2.72388 -0.15
-0.555569 2.63147 0
-0.555569 2.63147 -0.15
-0.707106 2.507108 0
-0.707106 2.507108 -0.15
-0.831469 2.355571 0
-0.831469 2.355571 -0.15
-0.923879 2.182684 0
-0.923879 2.182684 -0.15
-0.980785 1.995091 0
-0.980785 1.995091 -0.15
-1 1.800001 0
-1 1.800001 -0.15
-1 1.8 0
-1 1.8 -0.15
-1 0 0
-1 0 -0.15
0.499934 2.85 0.099496
1.4998 2.85 0.099496
1.45159 2.873086 0.109086
0.483864 2.873086 0.109085
1.412812 2.906951 0.116799
0.470938 2.906951 0.116799
1.379114 2.953475 0.123502
0.459705 2.953475 0.123502
1.366456 3 0.12602
0.455486 3.000001 0.12602
-2 2.953476 0.123502
-0.455484 3.000001 0.12602
-2 3.000001 0.12602
-0.459704 2.953475 0.123502
-2 2.906951 0.116799
-0.470937 2.906951 0.116799
-2 2.873087 0.109085
-0.483863 2.873086 0.109085
-2 2.850001 0.099496
-0.499932 2.85 0.099496

Normals:

0 1 0
0 1 0
0 1 0
0 1 0
0 0 1
0 0 1
0 0 1
0 0 1
0 0 1
0 0 1
0 0 1
0 0 1
0 0 1
0 0 1
0 0 1
0 0 1
0 0 1
0 0 1
0 0 1
0 0 1
0 0 1
0 0 1
0 0 1
0 0 1
0 -1 0
0 -1 0
0 -1 0
0 -1 0
0 0 1
0 0 1
0 0 1
0 0 1
0 0 1
0 0 1
0 0 1
0 0 1
0 0 1
0 0 1
0 0 1
0 0 1
0 0 1
0 0 1
0 0 1
0 0 1
0 0 1
0 0 1
0 0 1
0 0 1
0 0 1
0 0 1
0 0 1
0 0 1
0 0 1
0 0 1
0 0 1
0 0 1
0 0 1
0 0 1
0 0 1
0 0 1
0 0 1
0 0 1
0 0 1
0.8207278 -0.5713194 0
0.8207278 -0.5713194 0
0.8207278 -0.5713194 0
0.8207278 -0.5713194 0
0.9342626 -0.3565857 0
0.9342626 -0.3565857 0
0.9342626 -0.3565857 0
0.9342626 -0.3565857 0
0.9720696 -0.2346926 0
0.9720696 -0.2346926 0
0.9720696 -0.2346926 0
0.9720696 -0.2346926 0
0.9959145 -0.09030132 0
0.9959145 -0.09030132 0
0.9959145 -0.09030132 0
0.9959145 -0.09030132 0
0 -1 0
0 -1 0
0 -1 0
0 -1 0
-0.8207278 -0.5713194 0
-0.8207278 -0.5713194 0
-0.8207278 -0.5713194 0
-0.8207278 -0.5713194 0
-0.9342626 -0.3565857 0
-0.9342626 -0.3565857 0
-0.9342626 -0.3565857 0
-0.9342626 -0.3565857 0
-0.9720696 -0.2346926 0
-0.9720696 -0.2346926 0
-0.9720696 -0.2346926 0
-0.9720696 -0.2346926 0
-0.9959145 -0.09030132 0
-0.9959145 -0.09030132 0
-0.9959145 -0.09030132 0
-0.9959145 -0.09030132 0
0 -0.1770019 0.9842105
0 -0.1770019 0.9842105
0 -0.1770019 0.9842105
0 -0.1770019 0.9842105
0 -0.1770019 0.9842105
0 -0.1770019 0.9842105
0 -0.1770019 0.9842105
0 -0.1770019 0.9842105
0 -0.1770019 0.9842105
0 -0.1770019 0.9842105
-0.8012333 -0.2673111 0.5353223
-0.4843343 -0.1781126 0.8565607
-0.4655092 -0.305306 0.8307163
-0.7509178 -0.4293102 0.5018119
-0.3923108 -0.5039139 0.7695212
-0.5018119 -0.4293102 0.7509178
-0.5353223 -0.2673111 0.8012333
-0.6140968 -0.6741965 0.4102978
-0.2865026 -0.668506 0.6863061
-0.1762012 -0.4293029 0.885806
-0.1879993 -0.267299 0.9450966
-0.4102978 -0.6741965 0.6140968
-0.4608963 -0.8322933 0.3079975
-0.7197408 -0.6446366 0.2577146
0 -0.4315864 0.9020717
0 -0.2625081 0.9649298
0 -0.6742243 0.7385266
-0.1440953 -0.6741779 0.7243762
0 -0.8352212 0.549914
-0.108099 -0.8322923 0.5436949
0 -0.5329353 0.846156
-0.3079975 -0.8322933 0.4608963
-0.1605006 -0.5686021 0.806803
0 0.5329353 0.846156
-0.4569975 -0.568597 0.6839963
-0.1605006 0.5686021 0.806803
-0.6839963 -0.568597 0.4569975
-0.108099 0.8322923 0.5436949
0 0.8352212 0.549914
-0.4569975 0.568597 0.6839963
-0.3079975 0.8322933 0.4608963
-0.1440953 0.6741779 0.7243762
0 0.6742243 0.7385266
-0.4102978 0.6741965 0.6140968
-0.1762012 0.4293029 0.885806
0 0.4315864 0.9020717
-0.1879993 0.267299 0.9450966
0 0.2625081 0.9649298
-0.5353223 0.2673111 0.8012333
-0.5018119 0.4293102 0.7509178
-0.8012333 0.2673111 0.5353223
-0.7509178 0.4293102 0.5018119
-0.6140968 0.6741965 0.4102978
-0.4608963 0.8322933 0.3079975
-0.885806 0.4293029 0.1762012
-0.9450966 0.267299 0.1879993
-0.7243762 0.6741779 0.1440953
-0.67063 0.3208144 0.66883
-0.6272213 0.1706058 0.7599257
-0.5397074 0.4927069 0.6826095
-0.4042158 0.614024 0.6779265
-0.5436949 0.8322923 0.108099
-0.6740349 0.4245219 0.6045313
-0.6839963 0.568597 0.4569975
-0.806803 0.5686021 0.1605006
-0.5773503 -0.5773503 0.5773503
-0.4472136 0 0.8944272
-0.4472136 0 0.8944272
-0.6481068 0.1993021 0.7350076
-0.6481068 0.1993021 0.7350076
-0.6918283 -0.1376056 0.708829
-0.6918283 -0.1376056 0.708829
-0.6517143 -0.2699059 0.7088155
-0.6517143 -0.2699059 0.7088155
-0.5865101 -0.3919068 0.7088123
-0.5865101 -0.3919068 0.7088123
-0.4987999 -0.4987999 0.7087998
-0.4987999 -0.4987999 0.7087998
-0.3919068 -0.5865101 0.7088123
-0.3919068 -0.5865101 0.7088123
-0.2699059 -0.6517143 0.7088155
-0.2699059 -0.6517143 0.7088155
-0.1376056 -0.6918283 0.708829
-0.1376056 -0.6918283 0.708829
0 -0.7054048 0.7088048
0 -0.7054048 0.7088048
0.1376056 -0.6918283 0.708829
0.1376056 -0.6918283 0.708829
0.2699059 -0.6517143 0.7088155
0.2699059 -0.6517143 0.7088155
0.3919068 -0.5865101 0.7088123
0.3919068 -0.5865101 0.7088123
0.4987999 -0.4987999 0.7087998
0.4987999 -0.4987999 0.7087998
0.5865101 -0.3919068 0.7088123
0.5865101 -0.3919068 0.7088123
0.6517143 -0.2699059 0.7088155
0.6517143 -0.2699059 0.7088155
0.6918283 -0.1376056 0.708829
0.6918283 -0.1376056 0.708829
0.705303 0.002000009 0.7089031
0.705303 0.002000009 0.7089031
0.7056296 0.03670154 0.7076297
0.7056296 0.03670154 0.7076297
0.4472136 0 0.8944272
0.4472136 0 0.8944272
-0.3630088 -0.8099196 0.4607112
-0.7197408 -0.6446366 0.2577146
-0.2865026 -0.668506 0.6863061
-0.6045116 -0.4858093 0.6313121
-0.3923108 -0.5039139 0.7695212
-0.6655399 -0.3207192 0.6739404
-0.4655092 -0.305306 0.8307163
-0.6991962 -0.1772991 0.6925963
-0.4843343 -0.1781126 0.8565607
-0.71102 -0.1021029 0.6957195
0 -0.09840459 0.9951465
0.71102 -0.1021029 0.6957195
0 -0.05400221 0.9985408
0.6991962 -0.1772991 0.6925963
0 -0.182501 0.9832056
0.6655399 -0.3207192 0.6739404
0 -0.3039011 0.9527035
0.6045116 -0.4858093 0.6313121
0 -0.8317578 0.5551386
0.3630088 -0.8099196 0.4607112

UVs:

0.250014 0.962801
0.749986 0.962801
0.749986 1.000299
0.250014 1.000299
0.25 1
0.75 0.55
0.75 1
0.25 0.55
0.745196 0.501227
0.75 0.55
0.73097 0.454329
0.707867 0.411107
0.676777 0.373223
0.638892 0.342133
0.595671 0.31903
0.548772 0.304804
0.5 0.3
0.451228 0.304804
0.404329 0.31903
0.361108 0.342133
0.323223 0.373223
0.292133 0.411108
0.26903 0.454329
0.254804 0.501228
0.356891 0.995482
0.356891 0.960587
0.006218 0.960587
0.006218 0.995483
0.137103 0.968271
0.12505 0.9625
0.12505 0.2875
0.146797 0.976737
0.155222 0.988369
0.158386 1
0.25 1
0.25 0.55
0.254804 0.501228
0.26903 0.454329
0.292133 0.411108
0.323223 0.373223
0.361108 0.342133
0.375017 0.2875
0.404329 0.31903
0.451228 0.304804
0.5 0.3
0.548772 0.304804
0.624983 0.2875
0.595671 0.31903
0.638892 0.342133
0.676777 0.373223
0.707867 0.411107
1 0.2875
0.73097 0.454329
1 0.9625
1 0.968271
1 0.976738
1 0.988369
1 1.25
0.745196 0.501227
0.75 0.55
0.75 1.25
0.75 0.55
0.75 1
0.620966 0.281729
0.624983 0.2875
0.624983 0.2875
0.620966 0.281729
0.617734 0.273262
0.620966 0.281729
0.620966 0.281729
0.617734 0.273262
0.614926 0.261631
0.617734 0.273262
0.617734 0.273262
0.614926 0.261631
0.613871 0.25
0.614926 0.261631
0.614926 0.261631
0.613871 0.25
0.006218 0.960543
0.041113 0.960543
0.041113 0.60987
0.006218 0.60987
0.375017 0.2875
0.379034 0.281729
0.379034 0.281729
0.375017 0.2875
0.379034 0.281729
0.382266 0.273263
0.382266 0.273263
0.379034 0.281729
0.382266 0.273263
0.385074 0.261631
0.385074 0.261631
0.382266 0.273263
0.385074 0.261631
0.386129 0.25
0.386129 0.25
0.385074 0.261631
0.620966 0.281729
0.624983 0.2875
0.375017 0.2875
0.617734 0.273262
0.614926 0.261631
0.613871 0.25
0.379034 0.281729
0.382266 0.273263
0.385074 0.261631
0.386129 0.25
0.005635 0.812136
0.0216 0.742952
0.03489 0.746788
0.019023 0.814195
0.050344 0.752398
0.013755 0.883081
5.3E-05 0.882991
0.035161 0.816613
0.0641 0.757873
0.018613 0.951968
0.005122 0.95402
0.030407 0.883139
0.049982 0.818835
0.07762 0.763464
0.026922 0.98532
0.013515 0.988652
0.04265 0.981197
0.034613 0.949635
0.056624 0.97759
0.049361 0.94754
0.070557 0.974626
0.045724 0.883194
0.065237 0.945243
0.922806 0.98319
0.062514 0.883255
0.929523 0.952774
0.065654 0.821257
0.945808 0.956047
0.936984 0.986713
0.935912 0.889162
0.953235 0.890237
0.960839 0.959006
0.951117 0.99098
0.968974 0.891232
0.977071 0.962258
0.966963 0.995904
0.990706 0.96507
0.980463 0.999947
0.999947 0.893178
0.98601 0.892322
0.999947 0.820881
0.986183 0.821683
0.969322 0.822619
0.953727 0.823501
0.977979 0.752162
0.99153 0.749519
0.961846 0.755212
0.968315 0.718671
0.981752 0.71481
0.95254 0.723381
0.938468 0.727461
0.946902 0.757983
0.924356 0.730811
0.937024 0.8246
0.930724 0.761043
0.077551 0.733875
1.8E-05 1.502037E-05
0.02227 1.502037E-05
0.02227 0.267427
2.2E-05 0.267427
0.02227 0.296504
2.1E-05 0.296503
0.022269 0.32558
2.1E-05 0.32558
0.022269 0.354657
2E-05 0.354656
0.022269 0.383733
2E-05 0.383733
0.022268 0.41281
2E-05 0.41281
0.022268 0.441887
1.9E-05 0.441886
0.022267 0.470963
1.9E-05 0.470963
0.022267 0.50004
1.8E-05 0.500039
0.022266 0.529116
1.8E-05 0.529116
0.022266 0.558193
1.7E-05 0.558192
0.022266 0.587269
1.7E-05 0.587269
0.022265 0.616346
1.7E-05 0.616346
0.022265 0.645423
1.6E-05 0.645422
0.022264 0.674499
1.6E-05 0.674499
0.022264 0.703576
1.5E-05 0.703576
0.022264 0.732653
1.5E-05 0.732652
0.022267 0.733041
2.2E-05 0.73304
0.022263 0.999985
1.7E-05 0.999985
0.375017 0.2875
0.12505 0.2875
0.137103 0.281729
0.379034 0.281729
0.146797 0.273263
0.382266 0.273263
0.155222 0.261631
0.385074 0.261631
0.158386 0.25
0.386129 0.25
1 0.261631
0.613871 0.25
1 0.25
0.614926 0.261631
1 0.273262
0.617734 0.273262
1 0.281729
0.620966 0.281729
1 0.2875
0.624983 0.2875

Indices:

0 1 2
0 2 3
4 5 6
4 7 5
5 7 8
8 9 5
7 10 8
7 11 10
7 12 11
7 13 12
7 14 13
7 15 14
7 16 15
7 17 16
7 18 17
7 19 18
7 20 19
7 21 20
7 22 21
7 23 22
24 25 26
24 26 27
28 29 30
31 28 30
32 31 30
33 32 30
34 33 30
35 34 30
36 35 30
37 36 30
38 37 30
39 38 30
40 39 30
40 30 41
42 40 41
43 42 41
44 43 41
45 44 41
45 41 46
47 45 46
48 47 46
49 48 46
50 49 46
50 46 51
52 50 51
51 53 52
53 54 52
54 55 52
55 56 52
56 57 52
57 58 52
57 59 58
59 57 60
60 61 59
60 62 61
63 64 65
63 65 66
67 68 69
67 69 70
71 72 73
71 73 74
75 76 77
75 77 78
79 80 81
79 81 82
83 84 85
83 85 86
87 88 89
87 89 90
91 92 93
91 93 94
95 96 97
95 97 98
99 100 101
101 102 99
101 103 102
101 104 103
101 105 104
105 106 104
106 107 104
107 108 104
109 110 111
109 111 112
112 111 113
109 112 114
109 114 115
112 113 116
116 113 117
115 114 118
115 118 119
112 120 114
112 116 120
116 117 121
121 117 122
119 118 123
119 123 124
118 125 123
114 126 118
118 126 125
114 120 126
126 127 125
126 128 127
120 128 126
129 127 128
116 130 120
120 130 128
116 121 130
129 128 131
130 131 128
132 129 131
121 133 130
130 133 131
132 131 134
134 131 133
121 135 133
121 122 135
136 132 134
136 137 132
134 133 138
135 138 133
139 136 134
139 134 138
140 137 136
140 141 137
142 136 139
142 140 136
143 141 140
143 144 141
145 144 143
145 146 144
147 145 143
148 143 140
147 143 148
148 140 142
149 147 148
150 148 142
149 148 150
151 142 139
150 142 151
152 139 138
151 139 152
149 150 153
149 153 154
150 151 155
150 155 153
154 153 156
154 156 157
153 158 156
153 155 158
155 159 158
151 160 155
155 160 159
151 152 160
160 161 159
152 138 162
135 162 138
152 163 160
152 162 163
163 162 135
160 163 161
163 135 122
161 163 122
161 122 164
165 166 167
165 167 168
168 167 169
168 169 170
170 169 171
170 171 172
172 171 173
172 173 174
174 173 175
174 175 176
176 175 177
176 177 178
178 177 179
178 179 180
180 179 181
180 181 182
182 181 183
182 183 184
184 183 185
184 185 186
186 185 187
186 187 188
188 187 189
188 189 190
190 189 191
190 191 192
192 191 193
192 193 194
194 193 195
194 195 196
196 195 197
196 197 198
198 197 199
198 199 200
200 199 201
200 201 202
202 201 203
202 203 204
205 206 207
205 207 208
208 207 209
208 209 210
210 209 211
210 211 212
212 211 213
212 213 214
215 216 217
215 218 216
219 218 215
219 220 218
221 220 219
221 222 220
223 222 221
223 224 222
