Vertices:

2 1 1
2 1 -2
-2 1 -2
-2 1 1
2 0.75 1
2 1 1
-2 1 1
-2 0.75 1
2 0 2
2 0 1.75
-2 0 1.75
-2 0 2
2 0 1.75
2 0.25 1.75
-2 0.25 1.75
-2 0 1.75
2 0.25 1.75
2 0.25 1.5
-2 0.25 1.5
-2 0.25 1.75
2 0.25 1.5
2 0.5 1.5
-2 0.5 1.5
-2 0.25 1.5
2 0.5 1.5
2 0.5 1.25
-2 0.5 1.25
-2 0.5 1.5
2 0.5 1.25
2 0.75 1.25
-2 0.75 1.25
-2 0.5 1.25
2 0.75 1.25
2 0.75 1
-2 0.75 1
-2 0.75 1.25

Normals:

0 1 0
0 1 0
0 1 0
0 1 0
0 0 1
0 0 1
0 0 1
0 0 1
0 1 0
0 1 0
0 1 0
0 1 0
0 0 1
0 0 1
0 0 1
0 0 1
0 1 0
0 1 0
0 1 0
0 1 0
0 0 1
0 0 1
0 0 1
0 0 1
0 1 0
0 1 0
0 1 0
0 1 0
0 0 1
0 0 1
0 0 1
0 0 1
0 1 0
0 1 0
0 1 0
0 1 0

UVs:

0.75 1
0 1
0 0
0.75 0
0.75 1
0.8125 1
0.8125 0
0.75 0
1 1
0.9375 1
0.9375 0
1 0
1 1
0.9375 1
0.9375 0
1 0
0.9375 1
0.875 1
0.875 0
0.9375 0
0.9375 1
0.875 1
0.875 0
0.9375 0
0.875 1
0.8125 1
0.8125 0
0.875 0
0.875 1
0.8125 1
0.8125 0
0.875 0
0.8125 1
0.75 1
0.75 0
0.8125 0

Indices:

0 1 2
0 2 3
4 5 6
4 6 7
8 9 10
8 10 11
12 13 14
12 14 15
16 17 18
16 18 19
20 21 22
20 22 23
24 25 26
24 26 27
28 29 30
28 30 31
32 33 34
32 34 35
