Vertices:

2 0 -1.91203
2 0 -2
-2 0 -2
-2 0 -1.91203
2 0 2
2 0 1.91203
-2 0 1.91203
-2 0 2
2 0 1.324135
2 0 -1.324135
-1.32414 0 -1.324135
-1.32414 0 1.324135
-1.999999 0 -1.91203
-2.000003 0 1.91203
-1.912034 0 1.91203
-1.91203 0 -1.91203
-1.32414 0 1.32414
-1.32414 0 -1.32414
-1.32414 0.064954 -1.32414
-1.32414 0.064954 1.32414
-1.912034 0 1.91203
-1.912034 0.064954 1.91203
-1.91203 0.064954 -1.91203
-1.91203 0 -1.91203
-1.912034 0 1.91203
2 0 1.91203
2 0.064954 1.91203
-1.912034 0.064954 1.91203
-1.91203 0.064954 -1.91203
2 0.064954 -1.91203
2 0 -1.91203
-1.91203 0 -1.91203
2 0.064954 1.32414
2 0 1.324135
-1.32414 0 1.32414
-1.32414 0.064954 1.32414
2 0.064954 -1.32414
-1.32414 0.064954 -1.32414
-1.32414 0 -1.32414
2 0 -1.324135
-1.912034 0.064954 1.91203
2 0.064954 1.91203
2 0.064954 1.32414
-1.32414 0.064954 1.32414
-1.91203 0.064954 -1.91203
-1.32414 0.064954 -1.32414
2 0.064954 -1.32414
2 0.064954 -1.91203

Normals:

0 1 0
0 1 0
0 1 0
0 1 0
0 1 0
0 1 0
0 1 0
0 1 0
0 1 0
0 1 0
0 1 0
0 1 0
0 1 0
0 1 0
0 1 0
0 1 0
1 0 0
1 0 0
1 0 0
1 0 0
-1 0 0
-1 0 0
-1 0 0
-1 0 0
0 0 1
0 0 1
0 0 1
0 0 1
0 0 -1
0 0 -1
0 0 -1
0 0 -1
0 0 -1
0 0 -1
0 0 -1
0 0 -1
0 0 1
0 0 1
0 0 1
0 0 1
0 1 0
0 1 0
0 1 0
0 1 0
0 1 0
0 1 0
0 1 0
0 1 0

UVs:

0.978007 0
1 0
1 0.999999
0.978007 0.999999
0 0
0.021993 0
0.021993 0.999999
0 0.999999
0.168966 0
0.831034 0
0.831034 0.831034
0.168966 0.831034
0.978008 0.999999
0.021993 1
0.021993 0.978008
0.978008 0.978007
0.168965 0.861034
0.831035 0.861034
0.831035 0.831034
0.168965 0.831034
0.021993 0.948008
0.021993 0.978008
0.978008 0.978007
0.978008 0.948007
0.021993 0.978008
0.021993 0
0.051993 0
0.051993 0.978008
0.948008 0.978007
0.948008 0
0.978008 0
0.978008 0.978007
0.138965 0
0.168966 0
0.168965 0.831034
0.138965 0.831034
0.831035 0
0.831035 0.831034
0.861035 0.831034
0.861034 0
0.021993 0.978008
0.021993 0
0.168965 0
0.168965 0.831034
0.978008 0.978007
0.831035 0.831034
0.831035 0
0.978008 0

Indices:

0 1 2
0 2 3
4 5 6
4 6 7
8 9 10
8 10 11
12 13 14
12 14 15
16 17 18
16 18 19
20 21 22
20 22 23
24 25 26
24 26 27
28 29 30
28 30 31
32 33 34
32 34 35
36 37 38
36 38 39
40 41 42
40 42 43
44 40 43
44 43 45
44 45 46
44 46 47
