Vertices:

-0.24885 0.578764 -0.372431
-0.24885 0.864746 -0.37243
-0.171411 0.864746 -0.413823
-0.171411 0.578764 -0.413824
-0.087384 0.864746 -0.439312
-0.087384 0.578764 -0.439313
0 0.864746 -0.447918
0 0.578764 -0.447919
0.087385 0.864746 -0.439311
0.087385 0.578764 -0.439312
0.171411 0.864746 -0.413822
0.171411 0.578764 -0.413823
0.248851 0.864746 -0.37243
0.248851 0.578764 -0.372431
0.316727 0.864746 -0.316726
0.316727 0.578764 -0.316727
0.372431 0.864746 -0.24885
0.372431 0.578764 -0.248851
0.413823 0.864746 -0.17141
0.413823 0.578764 -0.171411
0.439312 0.864746 -0.087384
0.439312 0.578764 -0.087385
0.447919 0.864746 1E-06
0.447919 0.578764 0
0.439312 0.864746 0.087386
0.439312 0.578764 0.087385
0.413823 0.864746 0.171412
0.413823 0.578764 0.171411
0.372431 0.864746 0.248851
0.372431 0.578764 0.24885
0.316727 0.864746 0.316728
0.316727 0.578764 0.316727
0.248851 0.864746 0.372432
0.248851 0.578764 0.372431
0.171411 0.864746 0.413824
0.171411 0.578764 0.413823
0.087385 0.864746 0.439313
0.087385 0.578764 0.439312
0 0.864746 0.44792
0 0.578764 0.447919
-0.087385 0.864746 0.439313
-0.087385 0.578764 0.439312
-0.171411 0.864746 0.413824
-0.171411 0.578764 0.413823
-0.248851 0.864746 0.372432
-0.248851 0.578764 0.372431
-0.316727 0.864746 0.316727
-0.316727 0.578764 0.316726
-0.372431 0.864746 0.248851
-0.372431 0.578764 0.24885
-0.413823 0.864746 0.171412
-0.413823 0.578764 0.171411
-0.439313 0.864746 0.087385
-0.439313 0.578764 0.087384
-0.447919 0.864746 1E-06
-0.447919 0.578764 0
-0.439312 0.864746 -0.087384
-0.439312 0.578764 -0.087385
-0.413823 0.864746 -0.171411
-0.413823 0.578764 -0.171412
-0.372431 0.864746 -0.24885
-0.372431 0.578764 -0.248851
-0.316726 0.864746 -0.316726
-0.316726 0.578764 -0.316727
-0.24885 0.864746 -0.37243
-0.24885 0.578764 -0.372431
0.087385 0.999979 -0.439311
0 0.999979 -0.447918
-0.087384 0.999979 -0.439312
-0.171411 0.999979 -0.413823
0.171411 0.999979 -0.413822
-0.24885 0.999979 -0.37243
0.248851 0.999979 -0.37243
0.316727 0.999979 -0.316726
-0.316726 0.999979 -0.316726
0.372431 0.999979 -0.24885
-0.372431 0.999979 -0.24885
0.413823 0.999979 -0.17141
-0.413823 0.999979 -0.171411
-0.439312 0.999979 -0.087384
0.439312 0.999979 -0.087384
0.447919 0.999979 1E-06
-0.447919 0.999979 1E-06
0.439312 0.999979 0.087386
-0.439313 0.999979 0.087385
-0.413823 0.999979 0.171412
0.413823 0.999979 0.171412
0.372431 0.999979 0.248851
-0.372431 0.999979 0.248851
0.316727 0.999979 0.316728
-0.316727 0.999979 0.316727
-0.248851 0.999979 0.372432
0.248851 0.999979 0.372432
0.171411 0.999979 0.413824
-0.171411 0.999979 0.413824
0.087385 0.999979 0.439313
-0.087385 0.999979 0.439313
0 0.999979 0.44792
0.4879 0.031084 0.4879
0.386399 0 0.578287
0.491793 0 0.491793
0.383341 0.031084 0.57371
0.266156 0 0.642558
0.57371 0.031084 0.383341
0.578287 0 0.386399
0.26405 0.031084 0.637473
0.135685 0 0.682136
0.637473 0.031084 0.26405
0.642558 0 0.266156
0.134611 0.031084 0.676737
0 0 0.6955
0.676737 0.031084 0.134611
0.682136 0 0.135685
0 0.031084 0.689995
-0.135686 0 0.682136
0.689995 0.031084 0
0.6955 0 0
-0.134612 0.031084 0.676737
-0.266157 0 0.642558
0.676737 0.031084 -0.134611
0.682136 0 -0.135685
-0.26405 0.031084 0.637472
-0.386399 0 0.578287
0.637473 0.031084 -0.26405
0.642558 0 -0.266156
-0.383341 0.031084 0.57371
-0.491793 0 0.491792
0.57371 0.031084 -0.383341
0.578287 0 -0.386399
-0.487901 0.031084 0.4879
-0.578287 0 0.386399
0.4879 0.031084 -0.4879
0.491793 0 -0.491793
-0.573711 0.031084 0.38334
-0.642558 0 0.266156
0.383341 0.031084 -0.57371
0.386399 0 -0.578287
-0.637473 0.031084 0.264049
-0.682136 0 0.135685
0.26405 0.031084 -0.637473
0.266156 0 -0.642558
-0.676737 0.031084 0.134611
-0.6955 0 -1E-06
0.134611 0.031084 -0.676737
0.135685 0 -0.682136
-0.689995 0.031084 -1E-06
-0.682136 0 -0.135686
0 0.031084 -0.689995
0 0 -0.6955
-0.676737 0.031084 -0.134612
-0.642558 0 -0.266157
-0.13461 0.031084 -0.676737
-0.135684 0 -0.682136
-0.637472 0.031084 -0.26405
-0.578287 0 -0.3864
-0.264049 0.031084 -0.637473
-0.266155 0 -0.642559
-0.57371 0.031084 -0.383342
-0.491792 0 -0.491793
-0.38334 0.031084 -0.573711
-0.386398 0 -0.578288
-0.4879 0.031084 -0.487901
-0.131491 0.062168 -0.661055
-0.25793 0.062168 -0.622701
-0.374457 0.062168 -0.560416
-0.476593 0.062168 -0.476595
-0.560415 0.062168 -0.374458
-0.6227 0.062168 -0.257932
0 0.062168 -0.674006
-0.661055 0.062168 -0.131493
0.131492 0.062168 -0.661055
-0.674006 0.062168 -1E-06
0.257931 0.062168 -0.6227
-0.661055 0.062168 0.131491
0.374458 0.062168 -0.560415
-0.6227 0.062168 0.25793
0.476594 0.062168 -0.476594
-0.560416 0.062168 0.374457
0.560415 0.062168 -0.374458
-0.476594 0.062168 0.476594
0.6227 0.062168 -0.257931
-0.374458 0.062168 0.560415
0.661055 0.062168 -0.131492
-0.257931 0.062168 0.6227
0.674006 0.062168 0
-0.131492 0.062168 0.661055
0.661055 0.062168 0.131492
0 0.062168 0.674006
0.6227 0.062168 0.257931
0.131492 0.062168 0.661055
0.560415 0.062168 0.374458
0.257931 0.062168 0.6227
0.476594 0.062168 0.476594
0.374458 0.062168 0.560415
0.636411 0.093251 0.12659
0.599487 0.093251 0.248315
0.539524 0.093251 0.360498
0.458827 0.093251 0.458827
0.360498 0.093251 0.539524
0.248315 0.093251 0.599487
0.648879 0.093251 0
0.12659 0.093251 0.636411
0.636411 0.093251 -0.12659
0 0.093251 0.648879
0.599486 0.093251 -0.248315
-0.12659 0.093251 0.636411
0.539524 0.093251 -0.360498
-0.248316 0.093251 0.599486
0.458827 0.093251 -0.458827
-0.360498 0.093251 0.539523
0.360498 0.093251 -0.539524
-0.458827 0.093251 0.458827
0.248315 0.093251 -0.599486
-0.539524 0.093251 0.360498
0.12659 0.093251 -0.636411
-0.599487 0.093251 0.248315
0 0.093251 -0.648879
-0.636411 0.093251 0.12659
-0.126589 0.093251 -0.636412
-0.648879 0.093251 -1E-06
-0.248315 0.093251 -0.599487
-0.636411 0.093251 -0.126591
-0.360497 0.093251 -0.539524
-0.599486 0.093251 -0.248316
-0.458826 0.093251 -0.458828
-0.539523 0.093251 -0.360499
-0.229609 0.124335 -0.554328
-0.333341 0.124335 -0.498882
-0.424264 0.124335 -0.424265
-0.498881 0.124335 -0.333343
-0.554327 0.124335 -0.229611
-0.588471 0.124335 -0.117055
-0.117053 0.124335 -0.588471
-0.6 0.124335 -1E-06
0 0.124335 -0.6
-0.588471 0.124335 0.117054
0.117054 0.124335 -0.588471
-0.554328 0.124335 0.22961
0.22961 0.124335 -0.554328
-0.498882 0.124335 0.333342
0.333342 0.124335 -0.498882
-0.424264 0.124335 0.424264
0.424264 0.124335 -0.424264
-0.333342 0.124335 0.498882
0.498882 0.124335 -0.333342
-0.22961 0.124335 0.554328
0.554328 0.124335 -0.22961
-0.117054 0.124335 0.588471
0.588471 0.124335 -0.117054
0 0.124335 0.6
0.6 0.124335 0
0.117054 0.124335 0.588471
0.588471 0.124335 0.117054
0.22961 0.124335 0.554328
0.554328 0.124335 0.22961
0.333342 0.124335 0.498882
0.498882 0.124335 0.333342
0.424264 0.124335 0.424264
0.540124 0.237942 0
0.529746 0.237942 0.105373
0.499009 0.237942 0.206696
0.449097 0.237942 0.300077
0.381925 0.237942 0.381925
0.300077 0.237942 0.449097
0.529746 0.237942 -0.105373
0.206696 0.237942 0.49901
0.499009 0.237942 -0.206697
0.105373 0.237942 0.529746
0.449097 0.237942 -0.300077
0 0.237942 0.540124
0.381925 0.237942 -0.381925
-0.105373 0.237942 0.529746
0.300077 0.237942 -0.449097
-0.206697 0.237942 0.499009
0.206697 0.237942 -0.499009
-0.300077 0.237942 0.449097
0.105373 0.237942 -0.529746
-0.381926 0.237942 0.381925
0 0.237942 -0.540124
-0.449097 0.237942 0.300077
-0.105372 0.237942 -0.529746
-0.49901 0.237942 0.206696
-0.206696 0.237942 -0.49901
-0.529746 0.237942 0.105372
-0.300076 0.237942 -0.449097
-0.540124 0.237942 -1E-06
-0.381925 0.237942 -0.381926
-0.529746 0.237942 -0.105374
-0.449096 0.237942 -0.300077
-0.499009 0.237942 -0.206697
-0.277815 0.351549 -0.415781
-0.353592 0.351549 -0.353593
-0.415781 0.351549 -0.277817
-0.461991 0.351549 -0.191364
-0.490447 0.351549 -0.097557
-0.500056 0.351549 0
-0.191362 0.351549 -0.461991
-0.490447 0.351549 0.097556
-0.097555 0.351549 -0.490447
-0.461991 0.351549 0.191363
0 0.351549 -0.500056
-0.415781 0.351549 0.277816
0.097556 0.351549 -0.490447
-0.353593 0.351549 0.353592
0.191363 0.351549 -0.461991
-0.277816 0.351549 0.415781
0.277816 0.351549 -0.415781
-0.191363 0.351549 0.461991
0.353593 0.351549 -0.353593
-0.097556 0.351549 0.490447
0.415781 0.351549 -0.277816
0 0.351549 0.500056
0.461991 0.351549 -0.191363
0.097556 0.351549 0.490447
0.490447 0.351549 -0.097556
0.191363 0.351549 0.461991
0.500056 0.351549 0
0.277816 0.351549 0.415781
0.490447 0.351549 0.097556
0.353593 0.351549 0.353593
0.461991 0.351549 0.191363
0.415781 0.351549 0.277816
0.459092 0.465156 -0.091319
0.468087 0.465156 0
0.459092 0.465156 0.091319
0.432456 0.465156 0.179129
0.3892 0.465156 0.260055
0.330987 0.465156 0.330987
0.432456 0.465156 -0.179129
0.260055 0.465156 0.3892
0.3892 0.465156 -0.260055
0.179129 0.465156 0.432456
0.330987 0.465156 -0.330987
0.091319 0.465156 0.459093
0.260055 0.465156 -0.3892
0 0.465156 0.468087
0.179129 0.465156 -0.432456
-0.091319 0.465156 0.459092
0.091319 0.465156 -0.459092
-0.179129 0.465156 0.432455
0 0.465156 -0.468087
-0.260055 0.465156 0.3892
-0.091318 0.465157 -0.459093
-0.330987 0.465156 0.330987
-0.179128 0.465156 -0.432456
-0.3892 0.465156 0.260055
-0.260054 0.465156 -0.3892
-0.432456 0.465157 0.179129
-0.330987 0.465156 -0.330988
-0.459093 0.465156 0.091319
-0.3892 0.465156 -0.260055
-0.468087 0.465156 0
-0.432455 0.465157 -0.179129
-0.459092 0.465156 -0.09132
-0.347876 0.492062 -0.347877
-0.40906 0.492062 -0.273326
-0.454522 0.492062 -0.18827
-0.482519 0.492062 -0.09598
-0.491972 0.492062 0
-0.482519 0.492062 0.095979
-0.273325 0.492062 -0.40906
-0.454523 0.492062 0.188269
-0.188269 0.492062 -0.454523
-0.40906 0.492062 0.273325
-0.095978 0.492062 -0.482519
-0.347877 0.492062 0.347877
0 0.492062 -0.491972
-0.273325 0.492062 0.40906
0.095979 0.492062 -0.482519
-0.18827 0.492062 0.454523
0.188269 0.492062 -0.454523
-0.095979 0.492062 0.482519
0.273325 0.492062 -0.40906
0 0.492062 0.491972
0.347877 0.492062 -0.347877
0.095979 0.492062 0.482519
0.40906 0.492062 -0.273325
0.188269 0.492062 0.454523
0.454523 0.492062 -0.188269
0.273325 0.492062 0.40906
0.482519 0.492062 -0.095979
0.347877 0.492062 0.347877
0.491972 0.492062 0
0.40906 0.492062 0.273325
0.482519 0.492062 0.095979
0.454523 0.492062 0.188269
0.461218 0.520502 -0.191043
0.489627 0.520502 -0.097393
0.499219 0.520502 0
0.489627 0.520502 0.097393
0.461218 0.520502 0.191043
0.415086 0.520502 0.277352
0.415086 0.520502 -0.277351
0.353002 0.520502 0.353001
0.353002 0.520502 -0.353002
0.277351 0.520502 0.415086
0.277351 0.520502 -0.415086
0.191043 0.520502 0.461219
0.191043 0.520502 -0.461218
0.097393 0.520502 0.489627
0.097393 0.520502 -0.489627
0 0.520502 0.499219
0 0.520502 -0.499219
-0.097393 0.520502 0.489627
-0.097392 0.520502 -0.489627
-0.191043 0.520502 0.461218
-0.191042 0.520502 -0.461219
-0.277352 0.520502 0.415086
-0.277351 0.520502 -0.415086
-0.353001 0.520502 0.353001
-0.353001 0.520502 -0.353002
-0.415086 0.520502 0.277351
-0.415085 0.520502 -0.277352
-0.461218 0.520502 0.191042
-0.461218 0.520502 -0.191043
-0.489627 0.520502 0.097393
-0.489627 0.520502 -0.097393
-0.499219 0.520502 0
-0.405109 0.549904 -0.270686
-0.450133 0.549904 -0.186452
-0.477859 0.549904 -0.095053
-0.487221 0.549904 0
-0.477859 0.549904 0.095052
-0.450133 0.549904 0.186451
-0.344516 0.549904 -0.344517
-0.405109 0.549904 0.270685
-0.270685 0.549904 -0.40511
-0.344517 0.549904 0.344517
-0.186451 0.549904 -0.450133
-0.270686 0.549904 0.405109
-0.095051 0.549904 -0.477859
-0.186451 0.549904 0.450133
0 0.549904 -0.487221
-0.095052 0.549904 0.477859
0.095052 0.549904 -0.477859
0 0.549904 0.487221
0.186451 0.549904 -0.450133
0.095052 0.549904 0.477859
0.270685 0.549904 -0.405109
0.186451 0.549904 0.450133
0.344517 0.549904 -0.344517
0.270685 0.549904 0.405109
0.405109 0.549904 -0.270685
0.344517 0.549904 0.344517
0.450133 0.549904 -0.186451
0.405109 0.549904 0.270685
0.477859 0.549904 -0.095052
0.450133 0.549904 0.186451
0.487221 0.549904 0
0.477859 0.549904 0.095052
0.372431 0.578764 -0.248851
0.413823 0.578764 -0.171411
0.316727 0.578764 -0.316727
0.439312 0.578764 -0.087385
0.447919 0.578764 0
0.248851 0.578764 -0.372431
0.439312 0.578764 0.087385
0.413823 0.578764 0.171411
0.171411 0.578764 -0.413823
0.372431 0.578764 0.24885
0.087385 0.578764 -0.439312
0.316727 0.578764 0.316727
0 0.578764 -0.447919
0.248851 0.578764 0.372431
-0.087384 0.578764 -0.439313
0.171411 0.578764 0.413823
-0.171411 0.578764 -0.413824
0.087385 0.578764 0.439312
-0.24885 0.578764 -0.372431
0 0.578764 0.447919
-0.316726 0.578764 -0.316727
-0.087385 0.578764 0.439312
-0.372431 0.578764 -0.248851
-0.171411 0.578764 0.413823
-0.413823 0.578764 -0.171412
-0.248851 0.578764 0.372431
-0.439312 0.578764 -0.087385
-0.316727 0.578764 0.316726
-0.447919 0.578764 0
-0.372431 0.578764 0.24885
-0.439313 0.578764 0.087384
-0.413823 0.578764 0.171411
0.270886 0.966172 0.405411
0.248851 0.999979 0.372432
0.171411 0.999979 0.413824
0.18659 0.966172 0.450469
0.087385 0.999979 0.439313
0.344773 0.966172 0.344774
0.316727 0.999979 0.316728
0.095123 0.966172 0.478215
0 0.999979 0.44792
0.40541 0.966172 0.270887
0.372431 0.999979 0.248851
0 0.966172 0.487584
-0.087385 0.999979 0.439313
0.450468 0.966172 0.186591
0.413823 0.999979 0.171412
-0.095123 0.966172 0.478215
-0.171411 0.999979 0.413824
0.478214 0.966172 0.095124
0.439312 0.999979 0.087386
-0.18659 0.966172 0.450468
-0.248851 0.999979 0.372432
0.487583 0.966172 1E-06
0.447919 0.999979 1E-06
-0.270887 0.966172 0.405411
-0.316727 0.999979 0.316727
0.478214 0.966172 -0.095122
0.439312 0.999979 -0.087384
-0.344773 0.966172 0.344774
-0.372431 0.999979 0.248851
0.450468 0.966172 -0.186589
0.413823 0.999979 -0.17141
-0.40541 0.966172 0.270887
-0.413823 0.999979 0.171412
0.40541 0.966172 -0.270885
0.372431 0.999979 -0.24885
-0.450468 0.966172 0.18659
-0.439313 0.999979 0.087385
0.344773 0.966172 -0.344772
0.316727 0.999979 -0.316726
-0.478214 0.966172 0.095123
-0.447919 0.999979 1E-06
0.270886 0.966172 -0.405409
0.248851 0.999979 -0.37243
-0.487583 0.966172 1E-06
-0.439312 0.999979 -0.087384
0.18659 0.966172 -0.450467
0.171411 0.999979 -0.413822
-0.478214 0.966172 -0.095122
-0.413823 0.999979 -0.171411
0.095123 0.966172 -0.478213
0.087385 0.999979 -0.439311
-0.450467 0.966172 -0.186589
-0.372431 0.999979 -0.24885
0 0.966172 -0.487582
0 0.999979 -0.447918
-0.40541 0.966172 -0.270886
-0.316726 0.999979 -0.316726
-0.095122 0.966172 -0.478213
-0.087384 0.999979 -0.439312
-0.344772 0.966172 -0.344772
-0.24885 0.999979 -0.37243
-0.186589 0.966172 -0.450467
-0.171411 0.999979 -0.413823
-0.270886 0.966172 -0.405409
0 0.932363 -0.50388
-0.098301 0.932363 -0.494198
-0.192826 0.932363 -0.465524
-0.279941 0.932363 -0.418961
-0.356297 0.932363 -0.356297
-0.418961 0.932363 -0.279941
0.098302 0.932363 -0.494198
-0.465525 0.932363 -0.192826
0.192827 0.932363 -0.465524
-0.494199 0.932363 -0.098302
0.279941 0.932363 -0.41896
-0.503881 0.932363 1E-06
0.356297 0.932363 -0.356296
-0.494199 0.932363 0.098303
0.418962 0.932363 -0.27994
-0.465525 0.932363 0.192827
0.465525 0.932363 -0.192826
-0.418962 0.932363 0.279942
0.494199 0.932363 -0.098301
-0.356298 0.932363 0.356298
0.503881 0.932363 1E-06
-0.279941 0.932363 0.418962
0.494199 0.932363 0.098303
-0.192827 0.932363 0.465526
0.465525 0.932363 0.192828
-0.098302 0.932363 0.4942
0.418962 0.932363 0.279942
0 0.932363 0.503882
0.356297 0.932363 0.356298
0.098302 0.932363 0.4942
0.279941 0.932363 0.418963
0.192827 0.932363 0.465526
0.45024 0.898555 0.186496
0.405205 0.898555 0.27075
0.344599 0.898555 0.3446
0.270749 0.898555 0.405206
0.186495 0.898555 0.450241
0.095074 0.898555 0.477973
0.477972 0.898555 0.095075
0 0.898555 0.487337
0.487336 0.898555 1E-06
-0.095075 0.898555 0.477973
0.477972 0.898555 -0.095074
-0.186496 0.898555 0.450241
0.45024 0.898555 -0.186494
-0.27075 0.898555 0.405206
0.405205 0.898555 -0.270748
-0.344599 0.898555 0.344599
0.344599 0.898555 -0.344598
-0.405205 0.898555 0.27075
0.270749 0.898555 -0.405204
-0.45024 0.898555 0.186496
0.186495 0.898555 -0.450239
-0.477972 0.898555 0.095075
0.095075 0.898555 -0.477971
-0.487336 0.898555 1E-06
0 0.898555 -0.487335
-0.477972 0.898555 -0.095074
-0.095074 0.898555 -0.477971
-0.45024 0.898555 -0.186495
-0.186495 0.898555 -0.450239
-0.405205 0.898555 -0.270749
-0.270749 0.898555 -0.405204
-0.344598 0.898555 -0.344598
-0.087384 0.864746 -0.439312
0 0.864746 -0.447918
-0.171411 0.864746 -0.413823
-0.24885 0.864746 -0.37243
0.087385 0.864746 -0.439311
-0.316726 0.864746 -0.316726
-0.372431 0.864746 -0.24885
0.171411 0.864746 -0.413822
-0.413823 0.864746 -0.171411
0.248851 0.864746 -0.37243
-0.439312 0.864746 -0.087384
0.316727 0.864746 -0.316726
-0.447919 0.864746 1E-06
0.372431 0.864746 -0.24885
-0.439313 0.864746 0.087385
0.413823 0.864746 -0.17141
-0.413823 0.864746 0.171412
0.439312 0.864746 -0.087384
-0.372431 0.864746 0.248851
0.447919 0.864746 1E-06
-0.316727 0.864746 0.316727
0.439312 0.864746 0.087386
-0.248851 0.864746 0.372432
0.413823 0.864746 0.171412
-0.171411 0.864746 0.413824
0.372431 0.864746 0.248851
-0.087385 0.864746 0.439313
0.316727 0.864746 0.316728
0 0.864746 0.44792
0.248851 0.864746 0.372432
0.087385 0.864746 0.439313
0.171411 0.864746 0.413824

Normals:

-0.4922838 0.4634847 -0.7367758
-0.5021113 -0.4279096 -0.7515169
-0.3459051 -0.4279064 -0.8350124
-0.3390846 0.463479 -0.8186628
-0.1763101 -0.4279245 -0.8864509
-0.1728947 0.4634858 -0.8690733
0 -0.4279101 -0.9038213
0 0.4634988 -0.8860976
0.1763101 -0.4279245 -0.8864509
0.1728947 0.4634858 -0.8690733
0.3459051 -0.4279064 -0.8350124
0.3390846 0.463479 -0.8186628
0.5021113 -0.4279096 -0.7515169
0.4922838 0.4634847 -0.7367758
0.6391013 -0.4279008 -0.6391013
0.6265727 0.4634798 -0.6265727
0.7515169 -0.4279096 -0.5021113
0.7367758 0.4634847 -0.4922838
0.8350124 -0.4279064 -0.3459051
0.8186628 0.463479 -0.3390846
0.8864509 -0.4279245 -0.1763101
0.8690733 0.4634858 -0.1728947
0.9038213 -0.4279101 0
0.8860976 0.4634988 0
0.8864509 -0.4279245 0.1763101
0.8690733 0.4634858 0.1728947
0.8350124 -0.4279064 0.3459051
0.8186628 0.463479 0.3390846
0.7515169 -0.4279096 0.5021113
0.7367758 0.4634847 0.4922838
0.6391013 -0.4279008 0.6391013
0.6265727 0.4634798 0.6265727
0.5021113 -0.4279096 0.7515169
0.4922838 0.4634847 0.7367758
0.3459051 -0.4279064 0.8350124
0.3390846 0.463479 0.8186628
0.1763101 -0.4279245 0.8864509
0.1728947 0.4634858 0.8690733
0 -0.4279101 0.9038213
0 0.4634988 0.8860976
-0.1763101 -0.4279245 0.8864509
-0.1728947 0.4634858 0.8690733
-0.3459051 -0.4279064 0.8350124
-0.3390846 0.463479 0.8186628
-0.5021113 -0.4279096 0.7515169
-0.4922838 0.4634847 0.7367758
-0.6391013 -0.4279008 0.6391013
-0.6265727 0.4634798 0.6265727
-0.7515169 -0.4279096 0.5021113
-0.7367758 0.4634847 0.4922838
-0.8350124 -0.4279064 0.3459051
-0.8186628 0.463479 0.3390846
-0.8864509 -0.4279245 0.1763101
-0.8690733 0.4634858 0.1728947
-0.9038213 -0.4279101 0
-0.8860976 0.4634988 0
-0.8864509 -0.4279245 -0.1763101
-0.8690733 0.4634858 -0.1728947
-0.8350124 -0.4279064 -0.3459051
-0.8186628 0.463479 -0.3390846
-0.7515169 -0.4279096 -0.5021113
-0.7367758 0.4634847 -0.4922838
-0.6391013 -0.4279008 -0.6391013
-0.6265727 0.4634798 -0.6265727
-0.5021113 -0.4279096 -0.7515169
-0.4922838 0.4634847 -0.7367758
0 1 0
0 1 0
0 1 0
0 1 0
0 1 0
0 1 0
0 1 0
0 1 0
0 1 0
0 1 0
0 1 0
0 1 0
0 1 0
0 1 0
0 1 0
0 1 0
0 1 0
0 1 0
0 1 0
0 1 0
0 1 0
0 1 0
0 1 0
0 1 0
0 1 0
0 1 0
0 1 0
0 1 0
0 1 0
0 1 0
0 1 0
0 1 0
0.6707081 0.3167038 0.6707081
0.547099 0.1743997 0.8186985
0.6962712 0.1743928 0.6962712
0.52698 0.316688 0.7886701
0.3768099 0.1744046 0.9097238
0.7886701 0.316688 0.52698
0.8186985 0.1743997 0.547099
0.3630055 0.3167048 0.8763133
0.1920916 0.1743924 0.9657578
0.8763133 0.3167048 0.3630055
0.9097238 0.1744046 0.3768099
0.1850017 0.3167029 0.9303083
0 0.1743957 0.9846756
0.9303083 0.3167029 0.1850017
0.9657578 0.1743924 0.1920916
0 0.3167078 0.9485232
-0.1920916 0.1743924 0.9657578
0.9485232 0.3167078 0
0.9846756 0.1743957 0
-0.1850017 0.3167029 0.9303083
-0.3768099 0.1744046 0.9097238
0.9303083 0.3167029 -0.1850017
0.9657578 0.1743924 -0.1920916
-0.3630055 0.3167048 0.8763133
-0.547099 0.1743997 0.8186985
0.8763133 0.3167048 -0.3630055
0.9097238 0.1744046 -0.3768099
-0.52698 0.316688 0.7886701
-0.6962712 0.1743928 0.6962712
0.7886701 0.316688 -0.52698
0.8186985 0.1743997 -0.547099
-0.6707081 0.3167038 0.6707081
-0.8186985 0.1743997 0.547099
0.6707081 0.3167038 -0.6707081
0.6962712 0.1743928 -0.6962712
-0.7886701 0.316688 0.52698
-0.9097238 0.1744046 0.3768099
0.52698 0.316688 -0.7886701
0.547099 0.1743997 -0.8186985
-0.8763133 0.3167048 0.3630055
-0.9657578 0.1743924 0.1920916
0.3630055 0.3167048 -0.8763133
0.3768099 0.1744046 -0.9097238
-0.9303083 0.3167029 0.1850017
-0.9846756 0.1743957 0
0.1850017 0.3167029 -0.9303083
0.1920916 0.1743924 -0.9657578
-0.9485232 0.3167078 0
-0.9657578 0.1743924 -0.1920916
0 0.3167078 -0.9485232
0 0.1743957 -0.9846756
-0.9303083 0.3167029 -0.1850017
-0.9097238 0.1744046 -0.3768099
-0.1850017 0.3167029 -0.9303083
-0.1920916 0.1743924 -0.9657578
-0.8763133 0.3167048 -0.3630055
-0.8186985 0.1743997 -0.547099
-0.3630055 0.3167048 -0.8763133
-0.3768099 0.1744046 -0.9097238
-0.7886701 0.316688 -0.52698
-0.6962712 0.1743928 -0.6962712
-0.52698 0.316688 -0.7886701
-0.547099 0.1743997 -0.8186985
-0.6707081 0.3167038 -0.6707081
-0.1638003 0.543001 -0.8236015
-0.321398 0.5429966 -0.7757952
-0.4665106 0.5430124 -0.6982159
-0.5937864 0.5429876 -0.5937864
-0.6982159 0.5430124 -0.4665106
-0.7757952 0.5429966 -0.321398
0 0.5430149 -0.8397231
-0.8236015 0.543001 -0.1638003
0.1638003 0.543001 -0.8236015
-0.8397231 0.5430149 0
0.321398 0.5429966 -0.7757952
-0.8236015 0.543001 0.1638003
0.4665106 0.5430124 -0.6982159
-0.7757952 0.5429966 0.321398
0.5937864 0.5429876 -0.5937864
-0.6982159 0.5430124 0.4665106
0.6982159 0.5430124 -0.4665106
-0.5937864 0.5429876 0.5937864
0.7757952 0.5429966 -0.321398
-0.4665106 0.5430124 0.6982159
0.8236015 0.543001 -0.1638003
-0.321398 0.5429966 0.7757952
0.8397231 0.5430149 0
-0.1638003 0.543001 0.8236015
0.8236015 0.543001 0.1638003
0 0.5430149 0.8397231
0.7757952 0.5429966 0.321398
0.1638003 0.543001 0.8236015
0.6982159 0.5430124 0.4665106
0.321398 0.5429966 0.7757952
0.5937864 0.5429876 0.5937864
0.4665106 0.5430124 0.6982159
0.6584959 0.7410954 0.1309992
0.6203003 0.7411004 0.2569001
0.5582841 0.7410789 0.3729893
0.4747764 0.7410633 0.4747764
0.3729893 0.7410789 0.5582841
0.2569001 0.7411004 0.6203003
0.6713976 0.7410974 0
0.1309992 0.7410954 0.6584959
0.6584959 0.7410954 -0.1309992
0 0.7410974 0.6713976
0.6203003 0.7411004 -0.2569001
-0.1309992 0.7410954 0.6584959
0.5582841 0.7410789 -0.3729893
-0.2569935 0.7410814 0.6202844
0.4747764 0.7410633 -0.4747764
-0.3729893 0.7410789 0.5582841
0.3729893 0.7410789 -0.5582841
-0.4747764 0.7410633 0.4747764
0.2569001 0.7411004 -0.6203003
-0.5582841 0.7410789 0.3729893
0.1309992 0.7410954 -0.6584959
-0.6203003 0.7411004 0.2569001
0 0.7410974 -0.6713976
-0.6584959 0.7410954 0.1309992
-0.1309992 0.7410954 -0.6584959
-0.6713976 0.7410974 0
-0.2569001 0.7411004 -0.6203003
-0.6584959 0.7410954 -0.1309992
-0.3729893 0.7410789 -0.5582841
-0.6203003 0.7411004 -0.2569001
-0.4747764 0.7410633 -0.4747764
-0.5582841 0.7410789 -0.3729893
-0.2785179 0.6858442 -0.6723433
-0.4043149 0.6858253 -0.6051223
-0.5146134 0.6858179 -0.5146134
-0.6051223 0.6858253 -0.4043149
-0.6723433 0.6858442 -0.2785179
-0.7138014 0.6858013 -0.1420003
-0.1420003 0.6858013 -0.7138014
-0.7277477 0.685845 0
0 0.685845 -0.7277477
-0.7138014 0.6858013 0.1420003
0.1420003 0.6858013 -0.7138014
-0.6723433 0.6858442 0.2785179
0.2785179 0.6858442 -0.6723433
-0.6051223 0.6858253 0.4043149
0.4043149 0.6858253 -0.6051223
-0.5146134 0.6858179 0.5146134
0.5146134 0.6858179 -0.5146134
-0.4043149 0.6858253 0.6051223
0.6051223 0.6858253 -0.4043149
-0.2785179 0.6858442 0.6723433
0.6723433 0.6858442 -0.2785179
-0.1420003 0.6858013 0.7138014
0.7138014 0.6858013 -0.1420003
0 0.685845 0.7277477
0.7277477 0.685845 0
0.1420003 0.6858013 0.7138014
0.7138014 0.6858013 0.1420003
0.2785179 0.6858442 0.6723433
0.6723433 0.6858442 0.2785179
0.4043149 0.6858253 0.6051223
0.6051223 0.6858253 0.4043149
0.5146134 0.6858179 0.5146134
0.9155596 0.4021823 0
0.89797 0.4021866 0.178594
0.8458611 0.4021815 0.3503839
0.761255 0.4021762 0.5086699
0.6473941 0.4021963 0.6473941
0.5086699 0.4021762 0.761255
0.89797 0.4021866 -0.178594
0.3503839 0.4021815 0.8458611
0.8458611 0.4021815 -0.3503839
0.178594 0.4021866 0.89797
0.761255 0.4021762 -0.5086699
0 0.4021823 0.9155596
0.6473941 0.4021963 -0.6473941
-0.178594 0.4021866 0.89797
0.5086699 0.4021762 -0.761255
-0.3503839 0.4021815 0.8458611
0.3503839 0.4021815 -0.8458611
-0.5086699 0.4021762 0.761255
0.178594 0.4021866 -0.89797
-0.6473941 0.4021963 0.6473941
0 0.4021823 -0.9155596
-0.761255 0.4021762 0.5086699
-0.178594 0.4021866 -0.89797
-0.8458611 0.4021815 0.3503839
-0.3503839 0.4021815 -0.8458611
-0.89797 0.4021866 0.178594
-0.5086699 0.4021762 -0.761255
-0.9155596 0.4021823 0
-0.6473941 0.4021963 -0.6473941
-0.89797 0.4021866 -0.178594
-0.761255 0.4021762 -0.5086699
-0.8458611 0.4021815 -0.3503839
-0.5295178 0.3025101 -0.7925266
-0.6739804 0.3024912 -0.6739804
-0.7925266 0.3025101 -0.5295178
-0.8805816 0.3024937 -0.3647924
-0.9348218 0.3025071 -0.1860044
-0.9531541 0.3024854 0
-0.3647924 0.3024937 -0.8805816
-0.9348218 0.3025071 0.1860044
-0.1860044 0.3025071 -0.9348218
-0.8805816 0.3024937 0.3647924
0 0.3024854 -0.9531541
-0.7925266 0.3025101 0.5295178
0.1860044 0.3025071 -0.9348218
-0.6739804 0.3024912 0.6739804
0.3647924 0.3024937 -0.8805816
-0.5295178 0.3025101 0.7925266
0.5295178 0.3025101 -0.7925266
-0.3647924 0.3024937 0.8805816
0.6739804 0.3024912 -0.6739804
-0.1860044 0.3025071 0.9348218
0.7925266 0.3025101 -0.5295178
0 0.3024854 0.9531541
0.8805816 0.3024937 -0.3647924
0.1860044 0.3025071 0.9348218
0.9348218 0.3025071 -0.1860044
0.3647924 0.3024937 0.8805816
0.9531541 0.3024854 0
0.5295178 0.3025101 0.7925266
0.9348218 0.3025071 0.1860044
0.6739804 0.3024912 0.6739804
0.8805816 0.3024937 0.3647924
0.7925266 0.3025101 0.5295178
0.954331 -0.2307075 -0.1898062
0.9730237 -0.2307056 0
0.954331 -0.2307075 0.1898062
0.8989335 -0.2307086 0.3724138
0.8090194 -0.2307055 0.540613
0.6880149 -0.230805 0.6880149
0.8989335 -0.2307086 -0.3724138
0.540613 -0.2307055 0.8090194
0.8090194 -0.2307055 -0.540613
0.3724138 -0.2307086 0.8989335
0.6880149 -0.230805 -0.6880149
0.1898062 -0.2307075 0.954331
0.540613 -0.2307055 -0.8090194
0 -0.2307056 0.9730237
0.3724138 -0.2307086 -0.8989335
-0.1898018 -0.2308022 0.954309
0.1898062 -0.2307075 -0.954331
-0.3724053 -0.2308033 0.8989127
0 -0.2307056 -0.9730237
-0.5406005 -0.2308002 0.8090008
-0.1898018 -0.2308022 -0.954309
-0.6880149 -0.230805 0.6880149
-0.3724053 -0.2308033 -0.8989127
-0.8090008 -0.2308002 0.5406005
-0.5406005 -0.2308002 -0.8090008
-0.8989127 -0.2308033 0.3724053
-0.6880308 -0.2307103 -0.6880308
-0.954331 -0.2307075 0.1898062
-0.8090194 -0.2307055 -0.540613
-0.9730237 -0.2307056 0
-0.8989127 -0.2308033 -0.3724053
-0.954331 -0.2307075 -0.1898062
-0.6268691 -0.4626772 -0.6268691
-0.7371475 -0.4626298 -0.4925317
-0.8190424 -0.4626675 -0.3392762
-0.869478 -0.4626883 -0.1729956
-0.8865528 -0.4626275 0
-0.8695183 -0.4626097 0.1730036
-0.4925089 -0.4627084 -0.7371133
-0.8190804 -0.4625889 0.3392919
-0.3392762 -0.4626675 -0.8190424
-0.7371475 -0.4626298 0.4925317
-0.1729956 -0.4626883 -0.869478
-0.6268981 -0.4625986 0.6268981
0 -0.4626275 -0.8865528
-0.4925089 -0.4627084 0.7371133
0.1730036 -0.4626097 -0.8695183
-0.3392762 -0.4626675 0.8190424
0.3392919 -0.4625889 -0.8190804
-0.1729956 -0.4626883 0.869478
0.4925089 -0.4627084 -0.7371133
0 -0.4626275 0.8865528
0.6268691 -0.4626772 -0.6268691
0.1730036 -0.4626097 0.8695183
0.7371133 -0.4627084 -0.4925089
0.3392762 -0.4626675 0.8190424
0.8190804 -0.4625889 -0.3392919
0.4925089 -0.4627084 0.7371133
0.8695183 -0.4626097 -0.1730036
0.6268691 -0.4626772 0.6268691
0.8865528 -0.4626275 0
0.7371133 -0.4627084 0.4925089
0.8695183 -0.4626097 0.1730036
0.8190424 -0.4626675 0.3392762
0.9217741 0.0675981 -0.3817892
0.9785484 0.06760334 -0.1946096
0.9977125 0.06760084 0
0.9785484 0.06760334 0.1946096
0.9217741 0.0675981 0.3817892
0.8295774 0.06759816 0.5542849
0.8295774 0.06759816 -0.5542849
0.7054894 0.06759898 0.7054894
0.7054894 0.06759898 -0.7054894
0.5542849 0.06759816 0.8295774
0.5542849 0.06759816 -0.8295774
0.3817892 0.0675981 0.9217741
0.3817892 0.0675981 -0.9217741
0.1946096 0.06760334 0.9785484
0.1946096 0.06760334 -0.9785484
0 0.06760084 0.9977125
0 0.06760084 -0.9977125
-0.1946096 0.06760334 0.9785484
-0.1946096 0.06760334 -0.9785484
-0.3817892 0.0675981 0.9217741
-0.3817892 0.0675981 -0.9217741
-0.5542849 0.06759816 0.8295774
-0.5542849 0.06759816 -0.8295774
-0.7054894 0.06759898 0.7054894
-0.7054894 0.06759898 -0.7054894
-0.8295774 0.06759816 0.5542849
-0.8295774 0.06759816 -0.5542849
-0.9217741 0.0675981 0.3817892
-0.9217741 0.0675981 -0.3817892
-0.9785484 0.06760334 0.1946096
-0.9785484 0.06760334 -0.1946096
-0.9977125 0.06760084 0
-0.6608309 0.6069283 -0.4415207
-0.7342997 0.6068997 -0.3040999
-0.7795106 0.6069082 -0.1550021
-0.7947494 0.6069377 0
-0.7794985 0.6068988 0.1550997
-0.7342997 0.6068997 0.3040999
-0.5619956 0.6068953 -0.5619956
-0.6608309 0.6069283 0.4415207
-0.4415207 0.6069283 -0.6608309
-0.5619956 0.6068953 0.5619956
-0.3040999 0.6068997 -0.7342997
-0.4415207 0.6069283 0.6608309
-0.1550021 0.6069082 -0.7795106
-0.3041222 0.6069443 0.7342536
0 0.6069377 -0.7947494
-0.1550021 0.6069082 0.7795106
0.1550021 0.6069082 -0.7795106
0 0.6069377 0.7947494
0.3041222 0.6069443 -0.7342536
0.1550021 0.6069082 0.7795106
0.4415207 0.6069283 -0.6608309
0.3041222 0.6069443 0.7342536
0.5619956 0.6068953 -0.5619956
0.4415207 0.6069283 0.6608309
0.6608309 0.6069283 -0.4415207
0.5619956 0.6068953 0.5619956
0.7342536 0.6069443 -0.3041222
0.6608309 0.6069283 0.4415207
0.7795106 0.6069082 -0.1550021
0.7342536 0.6069443 0.3041222
0.7947494 0.6069377 0
0.7795106 0.6069082 0.1550021
0.7367758 0.4634847 -0.4922838
0.8186628 0.463479 -0.3390846
0.6265727 0.4634798 -0.6265727
0.8690733 0.4634858 -0.1728947
0.8860976 0.4634988 0
0.4922838 0.4634847 -0.7367758
0.8690733 0.4634858 0.1728947
0.8186628 0.463479 0.3390846
0.3390846 0.463479 -0.8186628
0.7367758 0.4634847 0.4922838
0.1728947 0.4634858 -0.8690733
0.6265727 0.4634798 0.6265727
0 0.4634988 -0.8860976
0.4922838 0.4634847 0.7367758
-0.1728947 0.4634858 -0.8690733
0.3390846 0.463479 0.8186628
-0.3390846 0.463479 -0.8186628
0.1728947 0.4634858 0.8690733
-0.4922838 0.4634847 -0.7367758
0 0.4634988 0.8860976
-0.6265727 0.4634798 -0.6265727
-0.1728947 0.4634858 0.8690733
-0.7367758 0.4634847 -0.4922838
-0.3390846 0.463479 0.8186628
-0.8186628 0.463479 -0.3390846
-0.4922838 0.4634847 0.7367758
-0.8690733 0.4634858 -0.1728947
-0.6265727 0.4634798 0.6265727
-0.8860976 0.4634988 0
-0.7367758 0.4634847 0.4922838
-0.8690733 0.4634858 0.1728947
-0.8186628 0.463479 0.3390846
0.4425025 0.6046035 0.6623037
0.3603795 0.7610567 0.5393693
0.2481954 0.7610859 0.5992889
0.304801 0.6046021 0.7359025
0.1265967 0.7610805 0.6361837
0.5632198 0.6046213 0.5632198
0.4586806 0.7610678 0.4586806
0.1554028 0.604611 0.7812142
0 0.7610677 0.6486725
0.6623037 0.6046035 0.4425025
0.5393693 0.7610567 0.3603795
0 0.6046141 0.7965186
-0.1265967 0.7610805 0.6361837
0.7359025 0.6046021 0.304801
0.5992889 0.7610859 0.2481954
-0.1554028 0.604611 0.7812142
-0.2481954 0.7610859 0.5992889
0.7812142 0.604611 0.1554028
0.6361837 0.7610805 0.1265967
-0.304801 0.6046021 0.7359025
-0.3603795 0.7610567 0.5393693
0.7965186 0.6046141 0
0.6486725 0.7610677 0
-0.4425025 0.6046035 0.6623037
-0.4586806 0.7610678 0.4586806
0.7812142 0.604611 -0.1554028
0.6361837 0.7610805 -0.1265967
-0.5632198 0.6046213 0.5632198
-0.5393693 0.7610567 0.3603795
0.7359025 0.6046021 -0.304801
0.5992889 0.7610859 -0.2481954
-0.6623037 0.6046035 0.4425025
-0.5992889 0.7610859 0.2481954
0.6623037 0.6046035 -0.4425025
0.5393693 0.7610567 -0.3603795
-0.7359025 0.6046021 0.304801
-0.6361837 0.7610805 0.1265967
0.5632198 0.6046213 -0.5632198
0.4586806 0.7610678 -0.4586806
-0.7812142 0.604611 0.1554028
-0.6486725 0.7610677 0
0.4425025 0.6046035 -0.6623037
0.3603795 0.7610567 -0.5393693
-0.7965186 0.6046141 0
-0.6361837 0.7610805 -0.1265967
0.304801 0.6046021 -0.7359025
0.2481954 0.7610859 -0.5992889
-0.7812142 0.604611 -0.1554028
-0.5992889 0.7610859 -0.2481954
0.1554028 0.604611 -0.7812142
0.1265967 0.7610805 -0.6361837
-0.7359025 0.6046021 -0.304801
-0.5393693 0.7610567 -0.3603795
0 0.6046141 -0.7965186
0 0.7610677 -0.6486725
-0.6623037 0.6046035 -0.4425025
-0.4586806 0.7610678 -0.4586806
-0.1554028 0.604611 -0.7812142
-0.1265967 0.7610805 -0.6361837
-0.5632198 0.6046213 -0.5632198
-0.3603795 0.7610567 -0.5393693
-0.304801 0.6046021 -0.7359025
-0.2481954 0.7610859 -0.5992889
-0.4425025 0.6046035 -0.6623037
0 -0.002899988 -0.9999958
-0.195096 -0.002899941 -0.9807798
-0.3826887 -0.002899915 -0.9238728
-0.5555745 -0.002899867 -0.8314618
-0.7071038 -0.002900016 -0.7071038
-0.8314618 -0.002899867 -0.5555745
0.195096 -0.002899941 -0.9807798
-0.9238728 -0.002899915 -0.3826887
0.3826887 -0.002899915 -0.9238728
-0.9807798 -0.002899941 -0.195096
0.5555745 -0.002899867 -0.8314618
-0.9999958 -0.002899988 0
0.7071038 -0.002900016 -0.7071038
-0.9807798 -0.002899941 0.195096
0.8314618 -0.002899867 -0.5555745
-0.9238728 -0.002899915 0.3826887
0.9238728 -0.002899915 -0.3826887
-0.8314618 -0.002899867 0.5555745
0.9807798 -0.002899941 -0.195096
-0.7071038 -0.002900016 0.7071038
0.9999958 -0.002899988 0
-0.5555745 -0.002899867 0.8314618
0.9807798 -0.002899941 0.195096
-0.3826887 -0.002899915 0.9238728
0.9238728 -0.002899915 0.3826887
-0.195096 -0.002899941 0.9807798
0.8314618 -0.002899867 0.5555745
0 -0.002899988 0.9999958
0.7071038 -0.002900016 0.7071038
0.195096 -0.002899941 0.9807798
0.5555745 -0.002899867 0.8314618
0.3826887 -0.002899915 0.9238728
0.7350003 -0.6059002 0.3044001
0.6614798 -0.6058816 0.4419865
0.5625204 -0.605922 0.5625204
0.4419865 -0.6058816 0.6614798
0.3044001 -0.6059002 0.7350003
0.1551946 -0.6058788 0.7802728
0.7802728 -0.6058788 0.1551946
0 -0.6058715 0.7955626
0.7955626 -0.6058715 0
-0.1551946 -0.6058788 0.7802728
0.7802728 -0.6058788 -0.1551946
-0.3044001 -0.6059002 0.7350003
0.7350003 -0.6059002 -0.3044001
-0.4419865 -0.6058816 0.6614798
0.6614798 -0.6058816 -0.4419865
-0.5625204 -0.605922 0.5625204
0.5625204 -0.605922 -0.5625204
-0.6614798 -0.6058816 0.4419865
0.4419865 -0.6058816 -0.6614798
-0.7350003 -0.6059002 0.3044001
0.3044001 -0.6059002 -0.7350003
-0.7802728 -0.6058788 0.1551946
0.1551946 -0.6058788 -0.7802728
-0.7955626 -0.6058715 0
0 -0.6058715 -0.7955626
-0.7802728 -0.6058788 -0.1551946
-0.1551946 -0.6058788 -0.7802728
-0.7350003 -0.6059002 -0.3044001
-0.3044001 -0.6059002 -0.7350003
-0.6614798 -0.6058816 -0.4419865
-0.4419865 -0.6058816 -0.6614798
-0.5625204 -0.605922 -0.5625204
-0.1763101 -0.4279245 -0.8864509
0 -0.4279101 -0.9038213
-0.3459051 -0.4279064 -0.8350124
-0.5021113 -0.4279096 -0.7515169
0.1763101 -0.4279245 -0.8864509
-0.6391013 -0.4279008 -0.6391013
-0.7515169 -0.4279096 -0.5021113
0.3459051 -0.4279064 -0.8350124
-0.8350124 -0.4279064 -0.3459051
0.5021113 -0.4279096 -0.7515169
-0.8864509 -0.4279245 -0.1763101
0.6391013 -0.4279008 -0.6391013
-0.9038213 -0.4279101 0
0.7515169 -0.4279096 -0.5021113
-0.8864509 -0.4279245 0.1763101
0.8350124 -0.4279064 -0.3459051
-0.8350124 -0.4279064 0.3459051
0.8864509 -0.4279245 -0.1763101
-0.7515169 -0.4279096 0.5021113
0.9038213 -0.4279101 0
-0.6391013 -0.4279008 0.6391013
0.8864509 -0.4279245 0.1763101
-0.5021113 -0.4279096 0.7515169
0.8350124 -0.4279064 0.3459051
-0.3459051 -0.4279064 0.8350124
0.7515169 -0.4279096 0.5021113
-0.1763101 -0.4279245 0.8864509
0.6391013 -0.4279008 0.6391013
0 -0.4279101 0.9038213
0.5021113 -0.4279096 0.7515169
0.1763101 -0.4279245 0.8864509
0.3459051 -0.4279064 0.8350124

UVs:

0.210812 0.999998
1E-06 0.999999
1E-06 0.968749
0.210812 0.968748
1E-06 0.937499
0.210812 0.937498
1E-06 0.906251
0.210812 0.906248
0 0.875001
0.210812 0.874999
0 0.843751
0.210811 0.843749
0 0.812501
0.210811 0.812499
0 0.78125
0.210811 0.781249
0 0.75
0.210811 0.749999
0 0.71875
0.210811 0.718749
0 0.6875
0.210811 0.687499
0 0.65625
0.210811 0.656249
0 0.625
0.210811 0.625
0 0.59375
0.210811 0.59375
0 0.5625
0.210811 0.5625
0 0.53125
0.210811 0.53125
0 0.5
0.210811 0.5
0 0.46875
0.210811 0.46875
0 0.4375
0.210811 0.4375
0 0.40625
0.210811 0.406251
0 0.375
0.210811 0.375001
0 0.34375
0.210811 0.343751
0 0.3125
0.210811 0.312501
0 0.28125
0.210811 0.281251
1E-06 0.25
0.210811 0.250001
1E-06 0.21875
0.210811 0.218751
1E-06 0.1875
0.210811 0.187502
1E-06 0.15625
0.210811 0.156252
1E-06 0.125
0.210812 0.125002
1E-06 0.09375
0.210812 0.09375203
1E-06 0.06249899
0.210812 0.06250203
0 0.03125203
0.210812 0.03125203
0 0
0.210812 0
0.027993 0.585368
0.016614 0.642239
0.016591 0.700244
0.027977 0.757081
0.050256 0.531844
0.050256 0.81049
0.08252 0.483724
0.12352 0.442843
0.082494 0.858436
0.171665 0.410744
0.123431 0.899122
0.225098 0.388632
0.171486 0.931041
0.224836 0.953022
0.281769 0.377333
0.339513 0.37726
0.281475 0.964214
0.396129 0.388401
0.339246 0.964173
0.395945 0.9529
0.449485 0.410306
0.497565 0.44218
0.449405 0.930797
0.538531 0.482852
0.497572 0.898691
0.538592 0.857792
0.570796 0.530806
0.593095 0.584237
0.57087 0.809645
0.604503 0.641106
0.593139 0.756079
0.604503 0.699158
0.809569 0.879514
0.887959 0.820256
0.817937 0.889769
0.877733 0.81184
0.94295 0.738311
0.729521 0.932429
0.735708 0.944106
0.93127 0.73207
0.980767 0.647199
0.640841 0.968623
0.64463 0.981258
0.968099 0.64337
1 0.550521
0.546973 0.986884
0.548238 1
0.986838 0.549243
1 0.452039
0.451384 0.986613
0.450083 0.999727
0.986851 0.453349
0.980859 0.355492
0.357624 0.967801
0.3538 0.98042
0.968217 0.359332
0.943326 0.264474
0.269233 0.931107
0.263023 0.942752
0.931668 0.270701
0.888771 0.182467
0.189616 0.877859
0.181248 0.888076
0.878545 0.190849
0.819252 0.112638
0.121891 0.81006
0.111689 0.818448
0.810855 0.122855
0.737447 0.05772799
0.068715 0.730352
0.057078 0.736588
0.731205 0.06938398
0.646535 0.01982999
0.03209 0.641882
0.01947 0.645736
0.642685 0.03247499
0.550008 0.0003499985
0.013331 0.548017
0.000201 0.549349
0.548691 0.01350302
0.451518 1.901388E-05
0.013151 0.452235
0 0.450988
0.452787 0.01318401
0.354748 0.018875
0.031641 0.358133
0.018968 0.35434
0.358565 0.03155398
0.263404 0.05634099
0.068205 0.269332
0.056503 0.263125
0.269639 0.068039
0.181143 0.111077
0.121522 0.189329
0.111257 0.180939
0.18956 0.121325
0.047786 0.362963
0.083111 0.277236
0.134598 0.200013
0.200284 0.134372
0.277586 0.08293301
0.363436 0.04770201
0.029907 0.453822
0.454411 0.02995402
0.03006 0.546318
0.547019 0.03026098
0.048167 0.636966
0.637783 0.04858601
0.083537 0.722402
0.723258 0.08423501
0.134885 0.79937
0.800163 0.135872
0.200272 0.864841
0.865522 0.201531
0.277143 0.916271
0.916818 0.278638
0.362493 0.951722
0.952112 0.36423
0.453039 0.969903
0.970099 0.455021
0.545356 0.970171
0.970071 0.547617
0.636006 0.952527
0.95196 0.638496
0.72163 0.917559
0.916393 0.724124
0.798907 0.866459
0.864706 0.801127
0.543305 0.948879
0.629849 0.932022
0.711583 0.898621
0.785334 0.849833
0.848125 0.78748
0.897455 0.713996
0.45516 0.948617
0.931413 0.632276
0.36871 0.931244
0.948716 0.545532
0.28723 0.89738
0.948759 0.457137
0.213853 0.848269
0.931593 0.370461
0.151439 0.785764
0.897899 0.288742
0.102419 0.712281
0.848928 0.21513
0.068651 0.630713
0.786536 0.152445
0.051372 0.544166
0.713126 0.103144
0.051248 0.45586
0.631528 0.06910402
0.068343 0.36913
0.544879 0.051606
0.102085 0.287314
0.456474 0.05131698
0.15124 0.213625
0.369634 0.068268
0.213931 0.15099
0.287699 0.101901
0.13383 0.304277
0.179062 0.236487
0.236729 0.178867
0.304574 0.133699
0.379961 0.102742
0.459864 0.087129
0.102763 0.379551
0.541213 0.087376
0.087008 0.459367
0.620969 0.103471
0.087109 0.540645
0.696075 0.134796
0.103014 0.620298
0.763643 0.180164
0.134097 0.695377
0.821075 0.237866
0.179222 0.763023
0.866158 0.305609
0.236672 0.820553
0.897176 0.380837
0.30421 0.86576
0.912981 0.4606
0.379212 0.896941
0.91294 0.541953
0.458798 0.91294
0.897012 0.621776
0.53994 0.913173
0.865769 0.696963
0.619584 0.897632
0.820402 0.764567
0.694796 0.866865
0.762655 0.821947
0.464783 0.854311
0.5344 0.854483
0.602657 0.841117
0.667181 0.814765
0.725437 0.776237
0.774915 0.72699
0.396481 0.840589
0.813767 0.669019
0.332111 0.813832
0.84055 0.604542
0.274139 0.775048
0.854197 0.536065
0.224808 0.725691
0.854201 0.466282
0.186113 0.66758
0.840613 0.397918
0.159497 0.603158
0.814044 0.333325
0.145837 0.534872
0.775339 0.275229
0.145743 0.465151
0.726069 0.225669
0.15927 0.396688
0.668081 0.186778
0.185925 0.332134
0.603627 0.159921
0.224708 0.273998
0.535193 0.146148
0.274139 0.224585
0.465466 0.145979
0.332268 0.18583
0.396957 0.159324
0.261864 0.304438
0.304619 0.261712
0.354802 0.228116
0.41083 0.205318
0.470077 0.193904
0.530346 0.19397
0.228325 0.354742
0.589587 0.205863
0.20525 0.410577
0.645362 0.229115
0.193523 0.469802
0.695579 0.262686
0.193617 0.530126
0.738123 0.305708
0.205498 0.589147
0.771729 0.355905
0.228411 0.644911
0.794542 0.411905
0.261808 0.69531
0.806381 0.470965
0.304582 0.737977
0.806413 0.531346
0.354772 0.771534
0.794617 0.590603
0.410483 0.794708
0.771431 0.646358
0.469597 0.806596
0.737883 0.696488
0.529841 0.806727
0.695164 0.739166
0.588807 0.795096
0.644666 0.772439
0.423081 0.754612
0.474147 0.764852
0.526177 0.76489
0.576985 0.754454
0.625288 0.735293
0.669025 0.70669
0.374945 0.734616
0.705633 0.669492
0.33155 0.705667
0.734471 0.626209
0.29423 0.669055
0.754526 0.578114
0.265613 0.625382
0.764624 0.526885
0.2461 0.577201
0.764501 0.474741
0.235463 0.526297
0.75382 0.423861
0.235301 0.474213
0.734803 0.375318
0.245412 0.423078
0.705076 0.332244
0.265306 0.374859
0.66878 0.294743
0.294175 0.331309
0.625133 0.26611
0.331114 0.294486
0.576998 0.24598
0.374153 0.265044
0.525768 0.235796
0.422609 0.245673
0.473726 0.236117
0.340694 0.306343
0.381556 0.278957
0.427059 0.260172
0.47512 0.250595
0.524134 0.250833
0.572429 0.26043
0.305807 0.341019
0.617813 0.279479
0.278649 0.382132
0.658745 0.306876
0.259886 0.427612
0.693738 0.341536
0.250358 0.475829
0.720962 0.382696
0.250493 0.524911
0.739832 0.428094
0.259996 0.572965
0.749463 0.476125
0.278935 0.618147
0.74954 0.525262
0.306434 0.659038
0.740076 0.57358
0.341312 0.693969
0.721163 0.618919
0.382248 0.721306
0.693971 0.659736
0.427653 0.740156
0.659041 0.694467
0.475812 0.749803
0.618116 0.721975
0.524853 0.749868
0.572797 0.740532
0.386444 0.71343
0.430235 0.731627
0.476682 0.740947
0.523989 0.741042
0.570287 0.732131
0.613863 0.71397
0.346969 0.687043
0.653364 0.687562
0.313328 0.653353
0.687071 0.65409
0.286797 0.613924
0.713432 0.614792
0.268522 0.570355
0.731402 0.570965
0.259329 0.524009
0.740659 0.524425
0.259217 0.476669
0.74062 0.47704
0.268425 0.430168
0.731409 0.430654
0.286558 0.386301
0.712976 0.386953
0.312833 0.346752
0.686805 0.34724
0.346285 0.313135
0.653091 0.313785
0.385766 0.286814
0.613659 0.287234
0.429637 0.26872
0.569785 0.269101
0.475984 0.25948
0.523261 0.259694
0.39049 0.295676
0.432556 0.278282
0.476984 0.269419
0.522303 0.26963
0.566916 0.278668
0.608944 0.296038
0.352637 0.320846
0.646702 0.321476
0.320614 0.353103
0.678992 0.353637
0.295354 0.390967
0.704201 0.391692
0.278005 0.433009
0.721862 0.433567
0.269148 0.477583
0.730638 0.478052
0.26924 0.522971
0.730704 0.52351
0.278052 0.567404
0.721833 0.568131
0.29558 0.609164
0.704576 0.610123
0.321035 0.64696
0.679323 0.64778
0.353293 0.679261
0.647069 0.679862
0.391125 0.704586
0.609157 0.70512
0.433103 0.722056
0.567363 0.722566
0.477632 0.731016
0.522993 0.731141
0.366126 0.663523
0.400652 0.68669
0.336647 0.634027
0.438961 0.70268
0.479606 0.710904
0.313379 0.599538
0.521004 0.71106
0.561468 0.703183
0.297368 0.561449
0.599649 0.687352
0.289312 0.520971
0.634244 0.664279
0.289301 0.47955
0.663658 0.634984
0.297428 0.438822
0.686684 0.600619
0.313314 0.400414
0.702517 0.562356
0.3363 0.365803
0.710575 0.521659
0.365559 0.336464
0.710487 0.480159
0.400034 0.313436
0.702433 0.439523
0.438357 0.297616
0.686405 0.401272
0.478931 0.289618
0.663309 0.366566
0.52032 0.28977
0.633886 0.337149
0.561047 0.298019
0.599397 0.313945
0.902631 0.284911
0.942666 0.262802
0.980596 0.353684
0.936935 0.367544
1 0.450415
0.852899 0.210707
0.887786 0.181236
0.954414 0.455441
1 0.549157
0.789676 0.147744
0.818106 0.112055
0.954289 0.545149
0.98067 0.645977
0.715405 0.09837198
0.736324 0.05783999
0.936641 0.633109
0.942792 0.737088
0.632927 0.06441599
0.64557 0.02058101
0.902151 0.715875
0.887889 0.818984
0.54538 0.04710799
0.54927 0.001630008
0.852193 0.790265
0.818118 0.88855
0.456076 0.04715598
0.451051 0.001754999
0.788723 0.853447
0.736189 0.94316
0.368417 0.06456202
0.354657 0.02097303
0.714205 0.903031
0.645256 0.980755
0.285756 0.09869498
0.263771 0.05858499
0.631509 0.937144
0.548815 0.999931
0.211265 0.148269
0.18188 0.113182
0.543813 0.954508
0.450551 1
0.147818 0.211425
0.112141 0.182719
0.454473 0.954503
0.354211 0.980963
0.097878 0.285774
0.057263 0.264567
0.366903 0.937125
0.263466 0.943575
0.063389 0.368482
0.019394 0.355609
0.284432 0.903053
0.181728 0.889283
0.045714 0.456366
4E-05 0.452342
0.210181 0.853614
0.112098 0.820079
0.045555 0.545994
0 0.551004
0.146988 0.790628
0.057262 0.738525
0.063007 0.633835
0.019368 0.64768
0.097286 0.716434
0.068638 0.458688
0.068476 0.54379
0.085028 0.627174
0.117548 0.705605
0.164718 0.776062
0.224716 0.835874
0.085417 0.375235
0.295235 0.882817
0.118155 0.296694
0.373565 0.915167
0.165567 0.226084
0.456737 0.931655
0.225811 0.166097
0.541589 0.931639
0.296553 0.119002
0.624878 0.91513
0.375057 0.08656698
0.70341 0.882716
0.458312 0.07001501
0.774172 0.835613
0.543133 0.06994802
0.834435 0.775602
0.626288 0.08637398
0.881861 0.704954
0.704626 0.118609
0.914597 0.626361
0.775153 0.16549
0.931345 0.542835
0.83517 0.225282
0.931474 0.457649
0.882363 0.295748
0.914902 0.374211
0.694259 0.137829
0.761231 0.182314
0.818212 0.239064
0.863004 0.305956
0.893887 0.380441
0.909621 0.459626
0.619858 0.10726
0.909506 0.540517
0.540881 0.09169501
0.893638 0.619827
0.460332 0.09180301
0.862591 0.694455
0.381275 0.107561
0.817594 0.761549
0.306738 0.1384
0.760399 0.818555
0.239579 0.18315
0.693227 0.863312
0.1824 0.240133
0.618668 0.894129
0.137413 0.307192
0.539581 0.909842
0.106361 0.381774
0.459003 0.909902
0.090458 0.461015
0.380019 0.894285
0.090309 0.541815
0.305625 0.863594
0.10603 0.62095
0.238649 0.819052
0.136901 0.695403
0.181679 0.762286
0.12716 0.538418
0.12727 0.464837
0.141367 0.61045
0.169406 0.678134
0.141709 0.39269
0.210139 0.73898
0.262001 0.790629
0.169925 0.324777
0.32299 0.831131
0.210843 0.263713
0.390744 0.859062
0.262878 0.211814
0.462676 0.873232
0.324024 0.171038
0.536052 0.873127
0.391892 0.142904
0.608067 0.858773
0.46388 0.128504
0.675951 0.830672
0.537239 0.128357
0.737089 0.789885
0.609177 0.1425
0.789134 0.73796
0.676925 0.170275
0.830062 0.676869
0.737896 0.210734
0.858272 0.608926
0.789753 0.262374
0.872667 0.536723
0.830492 0.323229
0.872717 0.463037
0.858532 0.390938

Indices:

0 1 2
0 2 3
3 2 4
3 4 5
5 4 6
5 6 7
7 6 8
7 8 9
9 8 10
9 10 11
11 10 12
11 12 13
13 12 14
13 14 15
15 14 16
15 16 17
17 16 18
17 18 19
19 18 20
19 20 21
21 20 22
21 22 23
23 22 24
23 24 25
25 24 26
25 26 27
27 26 28
27 28 29
29 28 30
29 30 31
31 30 32
31 32 33
33 32 34
33 34 35
35 34 36
35 36 37
37 36 38
37 38 39
39 38 40
39 40 41
41 40 42
41 42 43
43 42 44
43 44 45
45 44 46
45 46 47
47 46 48
47 48 49
49 48 50
49 50 51
51 50 52
51 52 53
53 52 54
53 54 55
55 54 56
55 56 57
57 56 58
57 58 59
59 58 60
59 60 61
61 60 62
61 62 63
63 62 64
63 64 65
66 67 68
68 69 66
69 70 66
69 71 70
71 72 70
71 73 72
71 74 73
74 75 73
74 76 75
76 77 75
76 78 77
78 79 77
79 80 77
79 81 80
79 82 81
82 83 81
82 84 83
84 85 83
85 86 83
85 87 86
85 88 87
88 89 87
88 90 89
90 91 89
91 92 89
91 93 92
91 94 93
94 95 93
94 96 95
96 97 95
98 99 100
98 101 99
101 102 99
103 98 100
103 100 104
101 105 102
105 106 102
107 103 104
107 104 108
105 109 106
109 110 106
111 107 108
111 108 112
109 113 110
113 114 110
115 111 112
115 112 116
113 117 114
117 118 114
119 115 116
119 116 120
117 121 118
121 122 118
123 119 120
123 120 124
121 125 122
125 126 122
127 123 124
127 124 128
125 129 126
129 130 126
131 127 128
131 128 132
129 133 130
133 134 130
135 131 132
135 132 136
133 137 134
137 138 134
139 135 136
139 136 140
137 141 138
141 142 138
143 139 140
143 140 144
141 145 142
145 146 142
147 143 144
147 144 148
145 149 146
149 150 146
151 147 148
151 148 152
149 153 150
153 154 150
155 151 152
155 152 156
153 157 154
157 158 154
159 155 156
159 156 160
161 160 158
157 161 158
161 159 160
162 147 151
163 151 155
163 162 151
164 155 159
164 163 155
165 159 161
165 164 159
166 161 157
166 165 161
167 157 153
167 166 157
162 168 147
168 143 147
169 167 153
169 153 149
168 170 143
170 139 143
171 169 149
171 149 145
170 172 139
172 135 139
173 171 145
173 145 141
172 174 135
174 131 135
175 173 141
175 141 137
174 176 131
176 127 131
177 175 137
177 137 133
176 178 127
178 123 127
179 177 133
179 133 129
178 180 123
180 119 123
181 179 129
181 129 125
180 182 119
182 115 119
183 181 125
183 125 121
182 184 115
184 111 115
185 183 121
185 121 117
184 186 111
186 107 111
187 185 117
187 117 113
186 188 107
188 103 107
189 187 113
189 113 109
188 190 103
190 98 103
191 189 109
191 109 105
190 192 98
192 101 98
193 105 101
193 191 105
192 193 101
194 188 186
195 190 188
194 195 188
196 192 190
195 196 190
197 193 192
196 197 192
198 191 193
197 198 193
199 189 191
198 199 191
200 194 186
200 186 184
199 201 189
201 187 189
202 200 184
202 184 182
201 203 187
203 185 187
204 202 182
204 182 180
203 205 185
205 183 185
206 204 180
206 180 178
205 207 183
207 181 183
208 206 178
208 178 176
207 209 181
209 179 181
210 208 176
210 176 174
209 211 179
211 177 179
212 210 174
212 174 172
211 213 177
213 175 177
214 212 172
214 172 170
213 215 175
215 173 175
216 214 170
216 170 168
215 217 173
217 171 173
218 216 168
218 168 162
217 219 171
219 169 171
220 218 162
220 162 163
219 221 169
221 167 169
222 220 163
222 163 164
221 223 167
223 166 167
224 222 164
224 164 165
225 165 166
223 225 166
225 224 165
226 218 220
227 220 222
227 226 220
228 222 224
228 227 222
229 224 225
229 228 224
230 225 223
230 229 225
231 223 221
231 230 223
226 232 218
232 216 218
233 231 221
233 221 219
232 234 216
234 214 216
235 233 219
235 219 217
234 236 214
236 212 214
237 235 217
237 217 215
236 238 212
238 210 212
239 237 215
239 215 213
238 240 210
240 208 210
241 239 213
241 213 211
240 242 208
242 206 208
243 241 211
243 211 209
242 244 206
244 204 206
245 243 209
245 209 207
244 246 204
246 202 204
247 245 207
247 207 205
246 248 202
248 200 202
249 247 205
249 205 203
248 250 200
250 194 200
251 249 203
251 203 201
250 252 194
252 195 194
253 251 201
253 201 199
252 254 195
254 196 195
255 253 199
255 199 198
254 256 196
256 197 196
257 198 197
257 255 198
256 257 197
258 252 250
259 254 252
258 259 252
260 256 254
259 260 254
261 257 256
260 261 256
262 255 257
261 262 257
263 253 255
262 263 255
264 258 250
264 250 248
263 265 253
265 251 253
266 264 248
266 248 246
265 267 251
267 249 251
268 266 246
268 246 244
267 269 249
269 247 249
270 268 244
270 244 242
269 271 247
271 245 247
272 270 242
272 242 240
271 273 245
273 243 245
274 272 240
274 240 238
273 275 243
275 241 243
276 274 238
276 238 236
275 277 241
277 239 241
278 276 236
278 236 234
277 279 239
279 237 239
280 278 234
280 234 232
279 281 237
281 235 237
282 280 232
282 232 226
281 283 235
283 233 235
284 282 226
284 226 227
283 285 233
285 231 233
286 284 227
286 227 228
285 287 231
287 230 231
288 286 228
288 228 229
289 229 230
287 289 230
289 288 229
290 282 284
291 284 286
291 290 284
292 286 288
292 291 286
293 288 289
293 292 288
294 289 287
294 293 289
295 287 285
295 294 287
290 296 282
296 280 282
297 295 285
297 285 283
296 298 280
298 278 280
299 297 283
299 283 281
298 300 278
300 276 278
301 299 281
301 281 279
300 302 276
302 274 276
303 301 279
303 279 277
302 304 274
304 272 274
305 303 277
305 277 275
304 306 272
306 270 272
307 305 275
307 275 273
306 308 270
308 268 270
309 307 273
309 273 271
308 310 268
310 266 268
311 309 271
311 271 269
310 312 266
312 264 266
313 311 269
313 269 267
312 314 264
314 258 264
315 313 267
315 267 265
314 316 258
316 259 258
317 315 265
317 265 263
316 318 259
318 260 259
319 317 263
319 263 262
318 320 260
320 261 260
321 262 261
321 319 262
320 321 261
322 316 314
323 318 316
322 323 316
324 320 318
323 324 318
325 321 320
324 325 320
326 319 321
325 326 321
327 317 319
326 327 319
328 322 314
328 314 312
327 329 317
329 315 317
330 328 312
330 312 310
329 331 315
331 313 315
332 330 310
332 310 308
331 333 313
333 311 313
334 332 308
334 308 306
333 335 311
335 309 311
336 334 306
336 306 304
335 337 309
337 307 309
338 336 304
338 304 302
337 339 307
339 305 307
340 338 302
340 302 300
339 341 305
341 303 305
342 340 300
342 300 298
341 343 303
343 301 303
344 342 298
344 298 296
343 345 301
345 299 301
346 344 296
346 296 290
345 347 299
347 297 299
348 346 290
348 290 291
347 349 297
349 295 297
350 348 291
350 291 292
349 351 295
351 294 295
352 350 292
352 292 293
353 293 294
351 353 294
353 352 293
354 346 348
355 348 350
355 354 348
356 350 352
356 355 350
357 352 353
357 356 352
358 353 351
358 357 353
359 351 349
359 358 351
354 360 346
360 344 346
361 359 349
361 349 347
360 362 344
362 342 344
363 361 347
363 347 345
362 364 342
364 340 342
365 363 345
365 345 343
364 366 340
366 338 340
367 365 343
367 343 341
366 368 338
368 336 338
369 367 341
369 341 339
368 370 336
370 334 336
371 369 339
371 339 337
370 372 334
372 332 334
373 371 337
373 337 335
372 374 332
374 330 332
375 373 335
375 335 333
374 376 330
376 328 330
377 375 333
377 333 331
376 378 328
378 322 328
379 377 331
379 331 329
378 380 322
380 323 322
381 379 329
381 329 327
380 382 323
382 324 323
383 381 327
383 327 326
382 384 324
384 325 324
385 326 325
385 383 326
384 385 325
386 380 378
387 382 380
386 387 380
388 384 382
387 388 382
389 385 384
388 389 384
390 383 385
389 390 385
391 381 383
390 391 383
392 386 378
392 378 376
391 393 381
393 379 381
394 392 376
394 376 374
393 395 379
395 377 379
396 394 374
396 374 372
395 397 377
397 375 377
398 396 372
398 372 370
397 399 375
399 373 375
400 398 370
400 370 368
399 401 373
401 371 373
402 400 368
402 368 366
401 403 371
403 369 371
404 402 366
404 366 364
403 405 369
405 367 369
406 404 364
406 364 362
405 407 367
407 365 367
408 406 362
408 362 360
407 409 365
409 363 365
410 408 360
410 360 354
409 411 363
411 361 363
412 410 354
412 354 355
411 413 361
413 359 361
414 412 355
414 355 356
413 415 359
415 358 359
416 414 356
416 356 357
417 357 358
415 417 358
417 416 357
418 410 412
419 412 414
419 418 412
420 414 416
420 419 414
421 416 417
421 420 416
422 417 415
422 421 417
423 415 413
423 422 415
418 424 410
424 408 410
425 423 413
425 413 411
424 426 408
426 406 408
427 425 411
427 411 409
426 428 406
428 404 406
429 427 409
429 409 407
428 430 404
430 402 404
431 429 407
431 407 405
430 432 402
432 400 402
433 431 405
433 405 403
432 434 400
434 398 400
435 433 403
435 403 401
434 436 398
436 396 398
437 435 401
437 401 399
436 438 396
438 394 396
439 437 399
439 399 397
438 440 394
440 392 394
441 439 397
441 397 395
440 442 392
442 386 392
443 441 395
443 395 393
442 444 386
444 387 386
445 443 393
445 393 391
444 446 387
446 388 387
447 445 391
447 391 390
446 448 388
448 389 388
449 390 389
449 447 390
448 449 389
450 444 442
450 451 444
451 446 444
452 450 442
451 453 446
453 448 446
452 442 440
453 454 448
454 449 448
455 452 440
454 456 449
456 447 449
455 440 438
456 457 447
458 455 438
457 445 447
458 438 436
457 459 445
460 458 436
459 443 445
460 436 434
459 461 443
462 460 434
461 441 443
462 434 432
461 463 441
464 462 432
463 439 441
464 432 430
463 465 439
466 464 430
465 437 439
466 430 428
465 467 437
468 466 428
467 435 437
468 428 426
467 469 435
470 468 426
469 433 435
470 426 424
469 471 433
472 470 424
471 431 433
472 424 418
471 473 431
474 472 418
473 429 431
474 418 419
473 475 429
476 474 419
475 427 429
476 419 420
475 477 427
478 476 420
477 425 427
478 420 421
477 479 425
480 478 421
479 423 425
480 421 422
479 481 423
481 480 422
481 422 423
482 483 484
482 484 485
485 484 486
487 483 482
487 488 483
485 486 489
489 486 490
491 488 487
491 492 488
489 490 493
493 490 494
495 492 491
495 496 492
493 494 497
497 494 498
499 496 495
499 500 496
497 498 501
501 498 502
503 500 499
503 504 500
501 502 505
505 502 506
507 504 503
507 508 504
505 506 509
509 506 510
511 508 507
511 512 508
509 510 513
513 510 514
515 512 511
515 516 512
513 514 517
517 514 518
519 516 515
519 520 516
517 518 521
521 518 522
523 520 519
523 524 520
521 522 525
525 522 526
527 524 523
527 528 524
525 526 529
529 526 530
531 528 527
531 532 528
529 530 533
533 530 534
535 532 531
535 536 532
533 534 537
537 534 538
539 536 535
539 540 536
537 538 541
541 538 542
543 540 539
543 544 540
545 542 544
541 542 545
545 544 543
546 535 531
547 539 535
547 535 546
548 543 539
548 539 547
549 545 543
549 543 548
550 541 545
550 545 549
551 537 541
551 541 550
546 531 552
552 531 527
553 537 551
553 533 537
552 527 554
554 527 523
555 533 553
555 529 533
554 523 556
556 523 519
557 529 555
557 525 529
556 519 558
558 519 515
559 525 557
559 521 525
558 515 560
560 515 511
561 521 559
561 517 521
560 511 562
562 511 507
563 517 561
563 513 517
562 507 564
564 507 503
565 513 563
565 509 513
564 503 566
566 503 499
567 509 565
567 505 509
566 499 568
568 499 495
569 505 567
569 501 505
568 495 570
570 495 491
571 501 569
571 497 501
570 491 572
572 491 487
573 497 571
573 493 497
572 487 574
574 487 482
575 493 573
575 489 493
574 482 576
576 482 485
577 485 489
577 489 575
576 485 577
578 570 572
579 572 574
578 572 579
580 574 576
579 574 580
581 576 577
580 576 581
582 577 575
581 577 582
583 575 573
582 575 583
584 570 578
584 568 570
583 573 585
585 573 571
586 568 584
586 566 568
585 571 587
587 571 569
588 566 586
588 564 566
587 569 589
589 569 567
590 564 588
590 562 564
589 567 591
591 567 565
592 562 590
592 560 562
591 565 593
593 565 563
594 560 592
594 558 560
593 563 595
595 563 561
596 558 594
596 556 558
595 561 597
597 561 559
598 556 596
598 554 556
597 559 599
599 559 557
600 554 598
600 552 554
599 557 601
601 557 555
602 552 600
602 546 552
601 555 603
603 555 553
604 546 602
604 547 546
603 553 605
605 553 551
606 547 604
606 548 547
605 551 607
607 551 550
608 548 606
608 549 548
609 550 549
607 550 609
609 549 608
610 604 602
610 602 611
612 604 610
612 606 604
611 602 600
613 606 612
613 608 606
611 600 614
615 608 613
615 609 608
614 600 598
616 609 615
614 598 617
616 607 609
617 598 596
618 607 616
617 596 619
618 605 607
619 596 594
620 605 618
619 594 621
620 603 605
621 594 592
622 603 620
621 592 623
622 601 603
623 592 590
624 601 622
623 590 625
624 599 601
625 590 588
626 599 624
625 588 627
626 597 599
627 588 586
628 597 626
627 586 629
628 595 597
629 586 584
630 595 628
629 584 631
630 593 595
631 584 578
632 593 630
631 578 633
632 591 593
633 578 579
634 591 632
633 579 635
634 589 591
635 579 580
636 589 634
635 580 637
636 587 589
637 580 581
638 587 636
637 581 639
638 585 587
639 581 582
640 585 638
639 582 641
640 583 585
641 582 583
641 583 640
