Vertices:

-0.24885 0.578764 -0.372431
-0.24885 3.864746 -0.372431
-0.171411 3.864746 -0.413824
-0.171411 0.578764 -0.413824
-0.087384 3.864746 -0.439313
-0.087384 0.578764 -0.439313
0 3.864746 -0.447919
0 0.578764 -0.447919
0.087385 3.864746 -0.439312
0.087385 0.578764 -0.439312
0.171411 3.864746 -0.413823
0.171411 0.578764 -0.413823
0.248851 3.864746 -0.372431
0.248851 0.578764 -0.372431
0.316727 3.864746 -0.316727
0.316727 0.578764 -0.316727
0.372431 3.864746 -0.248851
0.372431 0.578764 -0.248851
0.413823 3.864746 -0.171411
0.413823 0.578764 -0.171411
0.439312 3.864746 -0.087385
0.439312 0.578764 -0.087385
0.447919 3.864746 0
0.447919 0.578764 0
0.439312 3.864746 0.087385
0.439312 0.578764 0.087385
0.413823 3.864746 0.171411
0.413823 0.578764 0.171411
0.372431 3.864746 0.24885
0.372431 0.578764 0.24885
0.316727 3.864746 0.316727
0.316727 0.578764 0.316727
0.248851 3.864746 0.372431
0.248851 0.578764 0.372431
0.171411 3.864746 0.413823
0.171411 0.578764 0.413823
0.087385 3.864746 0.439312
0.087385 0.578764 0.439312
0 3.864746 0.447919
0 0.578764 0.447919
-0.087385 3.864746 0.439312
-0.087385 0.578764 0.439312
-0.171411 3.864746 0.413823
-0.171411 0.578764 0.413823
-0.248851 3.864746 0.372431
-0.248851 0.578764 0.372431
-0.316727 3.864746 0.316726
-0.316727 0.578764 0.316726
-0.372431 3.864746 0.24885
-0.372431 0.578764 0.24885
-0.413823 3.864746 0.171411
-0.413823 0.578764 0.171411
-0.439313 3.864746 0.087384
-0.439313 0.578764 0.087384
-0.447919 3.864746 0
-0.447919 0.578764 0
-0.439312 3.864746 -0.087385
-0.439312 0.578764 -0.087385
-0.413823 3.864746 -0.171412
-0.413823 0.578764 -0.171412
-0.372431 3.864746 -0.248851
-0.372431 0.578764 -0.248851
-0.316726 3.864746 -0.316727
-0.316726 0.578764 -0.316727
-0.24885 3.864746 -0.372431
-0.24885 0.578764 -0.372431
0.4879 0.031084 0.4879
0.386399 0 0.578287
0.491793 0 0.491793
0.383341 0.031084 0.57371
0.266156 0 0.642558
0.57371 0.031084 0.383341
0.578287 0 0.386399
0.26405 0.031084 0.637473
0.135685 0 0.682136
0.637473 0.031084 0.26405
0.642558 0 0.266156
0.134611 0.031084 0.676737
0 0 0.6955
0.676737 0.031084 0.134611
0.682136 0 0.135685
0 0.031084 0.689995
-0.135686 0 0.682136
0.689995 0.031084 0
0.6955 0 0
-0.134612 0.031084 0.676737
-0.266157 0 0.642558
0.676737 0.031084 -0.134611
0.682136 0 -0.135685
-0.26405 0.031084 0.637472
-0.386399 0 0.578287
0.637473 0.031084 -0.26405
0.642558 0 -0.266156
-0.383341 0.031084 0.57371
-0.491793 0 0.491792
0.57371 0.031084 -0.383341
0.578287 0 -0.386399
-0.487901 0.031084 0.4879
-0.578287 0 0.386399
0.4879 0.031084 -0.4879
0.491793 0 -0.491793
-0.573711 0.031084 0.38334
-0.642558 0 0.266156
0.383341 0.031084 -0.57371
0.386399 0 -0.578287
-0.637473 0.031084 0.264049
-0.682136 0 0.135685
0.26405 0.031084 -0.637473
0.266156 0 -0.642558
-0.676737 0.031084 0.134611
-0.6955 0 -1E-06
0.134611 0.031084 -0.676737
0.135685 0 -0.682136
-0.689995 0.031084 -1E-06
-0.682136 0 -0.135686
0 0.031084 -0.689995
0 0 -0.6955
-0.676737 0.031084 -0.134612
-0.642558 0 -0.266157
-0.13461 0.031084 -0.676737
-0.135684 0 -0.682136
-0.637472 0.031084 -0.26405
-0.578287 0 -0.3864
-0.264049 0.031084 -0.637473
-0.266155 0 -0.642559
-0.57371 0.031084 -0.383342
-0.491792 0 -0.491793
-0.38334 0.031084 -0.573711
-0.386398 0 -0.578288
-0.4879 0.031084 -0.487901
-0.131491 0.062168 -0.661055
-0.25793 0.062168 -0.622701
-0.374457 0.062168 -0.560416
-0.476593 0.062168 -0.476595
-0.560415 0.062168 -0.374458
-0.6227 0.062168 -0.257932
0 0.062168 -0.674006
-0.661055 0.062168 -0.131493
0.131492 0.062168 -0.661055
-0.674006 0.062168 -1E-06
0.257931 0.062168 -0.6227
-0.661055 0.062168 0.131491
0.374458 0.062168 -0.560415
-0.6227 0.062168 0.25793
0.476594 0.062168 -0.476594
-0.560416 0.062168 0.374457
0.560415 0.062168 -0.374458
-0.476594 0.062168 0.476594
0.6227 0.062168 -0.257931
-0.374458 0.062168 0.560415
0.661055 0.062168 -0.131492
-0.257931 0.062168 0.6227
0.674006 0.062168 0
-0.131492 0.062168 0.661055
0.661055 0.062168 0.131492
0 0.062168 0.674006
0.6227 0.062168 0.257931
0.131492 0.062168 0.661055
0.560415 0.062168 0.374458
0.257931 0.062168 0.6227
0.476594 0.062168 0.476594
0.374458 0.062168 0.560415
0.636411 0.093251 0.12659
0.599487 0.093251 0.248315
0.539524 0.093251 0.360498
0.458827 0.093251 0.458827
0.360498 0.093251 0.539524
0.248315 0.093251 0.599487
0.648879 0.093251 0
0.12659 0.093251 0.636411
0.636411 0.093251 -0.12659
0 0.093251 0.648879
0.599486 0.093251 -0.248315
-0.12659 0.093251 0.636411
0.539524 0.093251 -0.360498
-0.248316 0.093251 0.599486
0.458827 0.093251 -0.458827
-0.360498 0.093251 0.539523
0.360498 0.093251 -0.539524
-0.458827 0.093251 0.458827
0.248315 0.093251 -0.599486
-0.539524 0.093251 0.360498
0.12659 0.093251 -0.636411
-0.599487 0.093251 0.248315
0 0.093251 -0.648879
-0.636411 0.093251 0.12659
-0.126589 0.093251 -0.636412
-0.648879 0.093251 -1E-06
-0.248315 0.093251 -0.599487
-0.636411 0.093251 -0.126591
-0.360497 0.093251 -0.539524
-0.599486 0.093251 -0.248316
-0.458826 0.093251 -0.458828
-0.539523 0.093251 -0.360499
-0.229609 0.124335 -0.554328
-0.333341 0.124335 -0.498882
-0.424264 0.124335 -0.424265
-0.498881 0.124335 -0.333343
-0.554327 0.124335 -0.229611
-0.588471 0.124335 -0.117055
-0.117053 0.124335 -0.588471
-0.6 0.124335 -1E-06
0 0.124335 -0.6
-0.588471 0.124335 0.117054
0.117054 0.124335 -0.588471
-0.554328 0.124335 0.22961
0.22961 0.124335 -0.554328
-0.498882 0.124335 0.333342
0.333342 0.124335 -0.498882
-0.424264 0.124335 0.424264
0.424264 0.124335 -0.424264
-0.333342 0.124335 0.498882
0.498882 0.124335 -0.333342
-0.22961 0.124335 0.554328
0.554328 0.124335 -0.22961
-0.117054 0.124335 0.588471
0.588471 0.124335 -0.117054
0 0.124335 0.6
0.6 0.124335 0
0.117054 0.124335 0.588471
0.588471 0.124335 0.117054
0.22961 0.124335 0.554328
0.554328 0.124335 0.22961
0.333342 0.124335 0.498882
0.498882 0.124335 0.333342
0.424264 0.124335 0.424264
0.540124 0.237942 0
0.529746 0.237942 0.105373
0.499009 0.237942 0.206696
0.449097 0.237942 0.300077
0.381925 0.237942 0.381925
0.300077 0.237942 0.449097
0.529746 0.237942 -0.105373
0.206696 0.237942 0.49901
0.499009 0.237942 -0.206697
0.105373 0.237942 0.529746
0.449097 0.237942 -0.300077
0 0.237942 0.540124
0.381925 0.237942 -0.381925
-0.105373 0.237942 0.529746
0.300077 0.237942 -0.449097
-0.206697 0.237942 0.499009
0.206697 0.237942 -0.499009
-0.300077 0.237942 0.449097
0.105373 0.237942 -0.529746
-0.381926 0.237942 0.381925
0 0.237942 -0.540124
-0.449097 0.237942 0.300077
-0.105372 0.237942 -0.529746
-0.49901 0.237942 0.206696
-0.206696 0.237942 -0.49901
-0.529746 0.237942 0.105372
-0.300076 0.237942 -0.449097
-0.540124 0.237942 -1E-06
-0.381925 0.237942 -0.381926
-0.529746 0.237942 -0.105374
-0.449096 0.237942 -0.300077
-0.499009 0.237942 -0.206697
-0.277815 0.351549 -0.415781
-0.353592 0.351549 -0.353593
-0.415781 0.351549 -0.277817
-0.461991 0.351549 -0.191364
-0.490447 0.351549 -0.097557
-0.500056 0.351549 0
-0.191362 0.351549 -0.461991
-0.490447 0.351549 0.097556
-0.097555 0.351549 -0.490447
-0.461991 0.351549 0.191363
0 0.351549 -0.500056
-0.415781 0.351549 0.277816
0.097556 0.351549 -0.490447
-0.353593 0.351549 0.353592
0.191363 0.351549 -0.461991
-0.277816 0.351549 0.415781
0.277816 0.351549 -0.415781
-0.191363 0.351549 0.461991
0.353593 0.351549 -0.353593
-0.097556 0.351549 0.490447
0.415781 0.351549 -0.277816
0 0.351549 0.500056
0.461991 0.351549 -0.191363
0.097556 0.351549 0.490447
0.490447 0.351549 -0.097556
0.191363 0.351549 0.461991
0.500056 0.351549 0
0.277816 0.351549 0.415781
0.490447 0.351549 0.097556
0.353593 0.351549 0.353593
0.461991 0.351549 0.191363
0.415781 0.351549 0.277816
0.459092 0.465156 -0.091319
0.468087 0.465156 0
0.459092 0.465156 0.091319
0.432456 0.465156 0.179129
0.3892 0.465156 0.260055
0.330987 0.465156 0.330987
0.432456 0.465156 -0.179129
0.260055 0.465156 0.3892
0.3892 0.465156 -0.260055
0.179129 0.465156 0.432456
0.330987 0.465156 -0.330987
0.091319 0.465156 0.459093
0.260055 0.465156 -0.3892
0 0.465156 0.468087
0.179129 0.465156 -0.432456
-0.091319 0.465156 0.459092
0.091319 0.465156 -0.459092
-0.179129 0.465156 0.432455
0 0.465156 -0.468087
-0.260055 0.465156 0.3892
-0.091318 0.465157 -0.459093
-0.330987 0.465156 0.330987
-0.179128 0.465156 -0.432456
-0.3892 0.465156 0.260055
-0.260054 0.465156 -0.3892
-0.432456 0.465157 0.179129
-0.330987 0.465156 -0.330988
-0.459093 0.465156 0.091319
-0.3892 0.465156 -0.260055
-0.468087 0.465156 0
-0.432455 0.465157 -0.179129
-0.459092 0.465156 -0.09132
-0.347876 0.492062 -0.347877
-0.40906 0.492062 -0.273326
-0.454522 0.492062 -0.18827
-0.482519 0.492062 -0.09598
-0.491972 0.492062 0
-0.482519 0.492062 0.095979
-0.273325 0.492062 -0.40906
-0.454523 0.492062 0.188269
-0.188269 0.492062 -0.454523
-0.40906 0.492062 0.273325
-0.095978 0.492062 -0.482519
-0.347877 0.492062 0.347877
0 0.492062 -0.491972
-0.273325 0.492062 0.40906
0.095979 0.492062 -0.482519
-0.18827 0.492062 0.454523
0.188269 0.492062 -0.454523
-0.095979 0.492062 0.482519
0.273325 0.492062 -0.40906
0 0.492062 0.491972
0.347877 0.492062 -0.347877
0.095979 0.492062 0.482519
0.40906 0.492062 -0.273325
0.188269 0.492062 0.454523
0.454523 0.492062 -0.188269
0.273325 0.492062 0.40906
0.482519 0.492062 -0.095979
0.347877 0.492062 0.347877
0.491972 0.492062 0
0.40906 0.492062 0.273325
0.482519 0.492062 0.095979
0.454523 0.492062 0.188269
0.461218 0.520502 -0.191043
0.489627 0.520502 -0.097393
0.499219 0.520502 0
0.489627 0.520502 0.097393
0.461218 0.520502 0.191043
0.415086 0.520502 0.277352
0.415086 0.520502 -0.277351
0.353002 0.520502 0.353001
0.353002 0.520502 -0.353002
0.277351 0.520502 0.415086
0.277351 0.520502 -0.415086
0.191043 0.520502 0.461219
0.191043 0.520502 -0.461218
0.097393 0.520502 0.489627
0.097393 0.520502 -0.489627
0 0.520502 0.499219
0 0.520502 -0.499219
-0.097393 0.520502 0.489627
-0.097392 0.520502 -0.489627
-0.191043 0.520502 0.461218
-0.191042 0.520502 -0.461219
-0.277352 0.520502 0.415086
-0.277351 0.520502 -0.415086
-0.353001 0.520502 0.353001
-0.353001 0.520502 -0.353002
-0.415086 0.520502 0.277351
-0.415085 0.520502 -0.277352
-0.461218 0.520502 0.191042
-0.461218 0.520502 -0.191043
-0.489627 0.520502 0.097393
-0.489627 0.520502 -0.097393
-0.499219 0.520502 0
-0.405109 0.549904 -0.270686
-0.450133 0.549904 -0.186452
-0.477859 0.549904 -0.095053
-0.487221 0.549904 0
-0.477859 0.549904 0.095052
-0.450133 0.549904 0.186451
-0.344516 0.549904 -0.344517
-0.405109 0.549904 0.270685
-0.270685 0.549904 -0.40511
-0.344517 0.549904 0.344517
-0.186451 0.549904 -0.450133
-0.270686 0.549904 0.405109
-0.095051 0.549904 -0.477859
-0.186451 0.549904 0.450133
0 0.549904 -0.487221
-0.095052 0.549904 0.477859
0.095052 0.549904 -0.477859
0 0.549904 0.487221
0.186451 0.549904 -0.450133
0.095052 0.549904 0.477859
0.270685 0.549904 -0.405109
0.186451 0.549904 0.450133
0.344517 0.549904 -0.344517
0.270685 0.549904 0.405109
0.405109 0.549904 -0.270685
0.344517 0.549904 0.344517
0.450133 0.549904 -0.186451
0.405109 0.549904 0.270685
0.477859 0.549904 -0.095052
0.450133 0.549904 0.186451
0.487221 0.549904 0
0.477859 0.549904 0.095052
0.372431 0.578764 -0.248851
0.413823 0.578764 -0.171411
0.316727 0.578764 -0.316727
0.439312 0.578764 -0.087385
0.447919 0.578764 0
0.248851 0.578764 -0.372431
0.439312 0.578764 0.087385
0.413823 0.578764 0.171411
0.171411 0.578764 -0.413823
0.372431 0.578764 0.24885
0.087385 0.578764 -0.439312
0.316727 0.578764 0.316727
0 0.578764 -0.447919
0.248851 0.578764 0.372431
-0.087384 0.578764 -0.439313
0.171411 0.578764 0.413823
-0.171411 0.578764 -0.413824
0.087385 0.578764 0.439312
-0.24885 0.578764 -0.372431
0 0.578764 0.447919
-0.316726 0.578764 -0.316727
-0.087385 0.578764 0.439312
-0.372431 0.578764 -0.248851
-0.171411 0.578764 0.413823
-0.413823 0.578764 -0.171412
-0.248851 0.578764 0.372431
-0.439312 0.578764 -0.087385
-0.316727 0.578764 0.316726
-0.447919 0.578764 0
-0.372431 0.578764 0.24885
-0.439313 0.578764 0.087384
-0.413823 0.578764 0.171411
0.270886 3.966172 0.40541
0.248851 3.999979 0.372431
0.171411 3.999979 0.413823
0.18659 3.966172 0.450468
0.087385 3.999979 0.439312
0.344773 3.966172 0.344773
0.316727 3.999979 0.316727
0.095123 3.966172 0.478214
0 3.999979 0.447919
0.40541 3.966172 0.270886
0.372431 3.999979 0.24885
0 3.966172 0.487583
-0.087385 3.999979 0.439312
0.450468 3.966172 0.18659
0.413823 3.999979 0.171411
-0.095123 3.966172 0.478214
-0.171411 3.999979 0.413823
0.478214 3.966172 0.095123
0.439312 3.999979 0.087385
-0.18659 3.966172 0.450467
-0.248851 3.999979 0.372431
0.487583 3.966172 0
0.447919 3.999979 0
-0.270887 3.966172 0.40541
-0.316727 3.999979 0.316726
0.478214 3.966172 -0.095123
0.439312 3.999979 -0.087385
-0.344773 3.966172 0.344773
-0.372431 3.999979 0.24885
0.450468 3.966172 -0.18659
0.413823 3.999979 -0.171411
-0.40541 3.966172 0.270886
-0.413823 3.999979 0.171411
0.40541 3.966172 -0.270886
0.372431 3.999979 -0.248851
-0.450468 3.966172 0.186589
-0.439313 3.999979 0.087384
0.344773 3.966172 -0.344773
0.316727 3.999979 -0.316727
-0.478214 3.966172 0.095122
-0.447919 3.999979 0
0.270886 3.966172 -0.40541
0.248851 3.999979 -0.372431
-0.487583 3.966172 0
-0.439312 3.999979 -0.087385
0.18659 3.966172 -0.450468
0.171411 3.999979 -0.413823
-0.478214 3.966172 -0.095123
-0.413823 3.999979 -0.171412
0.095123 3.966172 -0.478214
0.087385 3.999979 -0.439312
-0.450467 3.966172 -0.18659
-0.372431 3.999979 -0.248851
0 3.966172 -0.487583
0 3.999979 -0.447919
-0.40541 3.966172 -0.270887
-0.316726 3.999979 -0.316727
-0.095122 3.966172 -0.478214
-0.087384 3.999979 -0.439313
-0.344772 3.966172 -0.344773
-0.24885 3.999979 -0.372431
-0.186589 3.966172 -0.450468
-0.171411 3.999979 -0.413824
-0.270886 3.966172 -0.40541
0 3.932363 -0.503881
-0.098301 3.932363 -0.494199
-0.192826 3.932363 -0.465525
-0.279941 3.932363 -0.418962
-0.356297 3.932363 -0.356298
-0.418961 3.932363 -0.279942
0.098302 3.932363 -0.494199
-0.465525 3.932363 -0.192827
0.192827 3.932363 -0.465525
-0.494199 3.932363 -0.098303
0.279941 3.932363 -0.418961
-0.503881 3.932363 0
0.356297 3.932363 -0.356297
-0.494199 3.932363 0.098302
0.418962 3.932363 -0.279941
-0.465525 3.932363 0.192826
0.465525 3.932363 -0.192827
-0.418962 3.932363 0.279941
0.494199 3.932363 -0.098302
-0.356298 3.932363 0.356297
0.503881 3.932363 0
-0.279941 3.932363 0.418961
0.494199 3.932363 0.098302
-0.192827 3.932363 0.465525
0.465525 3.932363 0.192827
-0.098302 3.932363 0.494199
0.418962 3.932363 0.279941
0 3.932363 0.503881
0.356297 3.932363 0.356297
0.098302 3.932363 0.494199
0.279941 3.932363 0.418962
0.192827 3.932363 0.465525
0.45024 3.898555 0.186495
0.405205 3.898555 0.270749
0.344599 3.898555 0.344599
0.270749 3.898555 0.405205
0.186495 3.898555 0.45024
0.095074 3.898555 0.477972
0.477972 3.898555 0.095074
0 3.898555 0.487336
0.487336 3.898555 0
-0.095075 3.898555 0.477972
0.477972 3.898555 -0.095075
-0.186496 3.898555 0.45024
0.45024 3.898555 -0.186495
-0.27075 3.898555 0.405205
0.405205 3.898555 -0.270749
-0.344599 3.898555 0.344598
0.344599 3.898555 -0.344599
-0.405205 3.898555 0.270749
0.270749 3.898555 -0.405205
-0.45024 3.898555 0.186495
0.186495 3.898555 -0.45024
-0.477972 3.898555 0.095074
0.095075 3.898555 -0.477972
-0.487336 3.898555 0
0 3.898555 -0.487336
-0.477972 3.898555 -0.095075
-0.095074 3.898555 -0.477972
-0.45024 3.898555 -0.186496
-0.186495 3.898555 -0.45024
-0.405205 3.898555 -0.27075
-0.270749 3.898555 -0.405205
-0.344598 3.898555 -0.344599
-0.087384 3.864746 -0.439313
0 3.864746 -0.447919
-0.171411 3.864746 -0.413824
-0.24885 3.864746 -0.372431
0.087385 3.864746 -0.439312
-0.316726 3.864746 -0.316727
-0.372431 3.864746 -0.248851
0.171411 3.864746 -0.413823
-0.413823 3.864746 -0.171412
0.248851 3.864746 -0.372431
-0.439312 3.864746 -0.087385
0.316727 3.864746 -0.316727
-0.447919 3.864746 0
0.372431 3.864746 -0.248851
-0.439313 3.864746 0.087384
0.413823 3.864746 -0.171411
-0.413823 3.864746 0.171411
0.439312 3.864746 -0.087385
-0.372431 3.864746 0.24885
0.447919 3.864746 0
-0.316727 3.864746 0.316726
0.439312 3.864746 0.087385
-0.248851 3.864746 0.372431
0.413823 3.864746 0.171411
-0.171411 3.864746 0.413823
0.372431 3.864746 0.24885
-0.087385 3.864746 0.439312
0.316727 3.864746 0.316727
0 3.864746 0.447919
0.248851 3.864746 0.372431
0.087385 3.864746 0.439312
0.171411 3.864746 0.413823

Normals:

-0.4923201 0.4635189 -0.73673
-0.5021113 -0.4279096 -0.7515169
-0.3459051 -0.4279064 -0.8350124
-0.3391124 0.4635169 -0.8186299
-0.1763101 -0.4279245 -0.8864509
-0.1728947 0.4634858 -0.8690733
0 -0.4279101 -0.9038213
0 0.4634988 -0.8860976
0.1763101 -0.4279245 -0.8864509
0.1728947 0.4634858 -0.8690733
0.3459051 -0.4279064 -0.8350124
0.3391124 0.4635169 -0.8186299
0.5021113 -0.4279096 -0.7515169
0.4923201 0.4635189 -0.73673
0.6391013 -0.4279008 -0.6391013
0.6265512 0.4635378 -0.6265512
0.7515169 -0.4279096 -0.5021113
0.73673 0.4635189 -0.4923201
0.8350124 -0.4279064 -0.3459051
0.8186299 0.4635169 -0.3391124
0.8864509 -0.4279245 -0.1763101
0.8690733 0.4634858 -0.1728947
0.9038213 -0.4279101 0
0.8860976 0.4634988 0
0.8864509 -0.4279245 0.1763101
0.8690733 0.4634858 0.1728947
0.8350124 -0.4279064 0.3459051
0.8186299 0.4635169 0.3391124
0.7515169 -0.4279096 0.5021113
0.73673 0.4635189 0.4923201
0.6391013 -0.4279008 0.6391013
0.6265512 0.4635378 0.6265512
0.5021113 -0.4279096 0.7515169
0.4923201 0.4635189 0.73673
0.3459051 -0.4279064 0.8350124
0.3391124 0.4635169 0.8186299
0.1763101 -0.4279245 0.8864509
0.1728947 0.4634858 0.8690733
0 -0.4279101 0.9038213
0 0.4634988 0.8860976
-0.1763101 -0.4279245 0.8864509
-0.1728947 0.4634858 0.8690733
-0.3459051 -0.4279064 0.8350124
-0.3391124 0.4635169 0.8186299
-0.5021113 -0.4279096 0.7515169
-0.4923201 0.4635189 0.73673
-0.6391013 -0.4279008 0.6391013
-0.6265512 0.4635378 0.6265512
-0.7515169 -0.4279096 0.5021113
-0.73673 0.4635189 0.4923201
-0.8350124 -0.4279064 0.3459051
-0.8186299 0.4635169 0.3391124
-0.8864509 -0.4279245 0.1763101
-0.8690733 0.4634858 0.1728947
-0.9038213 -0.4279101 0
-0.8860976 0.4634988 0
-0.8864509 -0.4279245 -0.1763101
-0.8690733 0.4634858 -0.1728947
-0.8350124 -0.4279064 -0.3459051
-0.8186299 0.4635169 -0.3391124
-0.7515169 -0.4279096 -0.5021113
-0.73673 0.4635189 -0.4923201
-0.6391013 -0.4279008 -0.6391013
-0.6265512 0.4635378 -0.6265512
-0.5021113 -0.4279096 -0.7515169
-0.4923201 0.4635189 -0.73673
0.6707081 0.3167038 0.6707081
0.547029 0.1744092 0.8187433
0.6962681 0.1744171 0.6962681
0.52698 0.316688 0.7886701
0.3768099 0.1744046 0.9097238
0.7886701 0.316688 0.52698
0.8187433 0.1744092 0.547029
0.3630055 0.3167048 0.8763133
0.1920916 0.1743924 0.9657578
0.8763133 0.3167048 0.3630055
0.9097238 0.1744046 0.3768099
0.1850017 0.3167029 0.9303083
0 0.1744129 0.9846726
0.9303083 0.3167029 0.1850017
0.9657578 0.1743924 0.1920916
0 0.3167078 0.9485232
-0.1920916 0.1743924 0.9657578
0.9485232 0.3167078 0
0.9846726 0.1744129 0
-0.1850017 0.3167029 0.9303083
-0.3768099 0.1744046 0.9097238
0.9303083 0.3167029 -0.1850017
0.9657578 0.1743924 -0.1920916
-0.3630055 0.3167048 0.8763133
-0.547029 0.1744092 0.8187433
0.8763133 0.3167048 -0.3630055
0.9097238 0.1744046 -0.3768099
-0.52698 0.316688 0.7886701
-0.6962681 0.1744171 0.6962681
0.7886701 0.316688 -0.52698
0.8187433 0.1744092 -0.547029
-0.6707081 0.3167038 0.6707081
-0.8187433 0.1744092 0.547029
0.6707081 0.3167038 -0.6707081
0.6962681 0.1744171 -0.6962681
-0.7886701 0.316688 0.52698
-0.9097238 0.1744046 0.3768099
0.52698 0.316688 -0.7886701
0.547029 0.1744092 -0.8187433
-0.8763133 0.3167048 0.3630055
-0.9657578 0.1743924 0.1920916
0.3630055 0.3167048 -0.8763133
0.3768099 0.1744046 -0.9097238
-0.9303083 0.3167029 0.1850017
-0.9846726 0.1744129 0
0.1850017 0.3167029 -0.9303083
0.1920916 0.1743924 -0.9657578
-0.9485232 0.3167078 0
-0.9657578 0.1743924 -0.1920916
0 0.3167078 -0.9485232
0 0.1744129 -0.9846726
-0.9303083 0.3167029 -0.1850017
-0.9097238 0.1744046 -0.3768099
-0.1850017 0.3167029 -0.9303083
-0.1920916 0.1743924 -0.9657578
-0.8763133 0.3167048 -0.3630055
-0.8187433 0.1744092 -0.547029
-0.3630055 0.3167048 -0.8763133
-0.3768099 0.1744046 -0.9097238
-0.7886701 0.316688 -0.52698
-0.6962681 0.1744171 -0.6962681
-0.52698 0.316688 -0.7886701
-0.547029 0.1744092 -0.8187433
-0.6707081 0.3167038 -0.6707081
-0.1638003 0.543001 -0.8236015
-0.3213083 0.543014 -0.7758201
-0.4665106 0.5430124 -0.6982159
-0.5937864 0.5429876 -0.5937864
-0.6982159 0.5430124 -0.4665106
-0.7758201 0.543014 -0.3213083
0 0.5430149 -0.8397231
-0.8236015 0.543001 -0.1638003
0.1638003 0.543001 -0.8236015
-0.8397231 0.5430149 0
0.3213083 0.543014 -0.7758201
-0.8236015 0.543001 0.1638003
0.4665106 0.5430124 -0.6982159
-0.7758201 0.543014 0.3213083
0.5937864 0.5429876 -0.5937864
-0.6982159 0.5430124 0.4665106
0.6982159 0.5430124 -0.4665106
-0.5937864 0.5429876 0.5937864
0.7758201 0.543014 -0.3213083
-0.4665106 0.5430124 0.6982159
0.8236015 0.543001 -0.1638003
-0.3213083 0.543014 0.7758201
0.8397231 0.5430149 0
-0.1638003 0.543001 0.8236015
0.8236015 0.543001 0.1638003
0 0.5430149 0.8397231
0.7758201 0.543014 0.3213083
0.1638003 0.543001 0.8236015
0.6982159 0.5430124 0.4665106
0.3213083 0.543014 0.7758201
0.5937864 0.5429876 0.5937864
0.4665106 0.5430124 0.6982159
0.6584959 0.7410954 0.1309992
0.6203003 0.7411004 0.2569001
0.5582841 0.7410789 0.3729893
0.4747764 0.7410633 0.4747764
0.3729893 0.7410789 0.5582841
0.2569001 0.7411004 0.6203003
0.6713976 0.7410974 0
0.1309992 0.7410954 0.6584959
0.6584959 0.7410954 -0.1309992
0 0.7410974 0.6713976
0.6203003 0.7411004 -0.2569001
-0.1309992 0.7410954 0.6584959
0.5582841 0.7410789 -0.3729893
-0.2569001 0.7411004 0.6203003
0.4747764 0.7410633 -0.4747764
-0.3729893 0.7410789 0.5582841
0.3729893 0.7410789 -0.5582841
-0.4747764 0.7410633 0.4747764
0.2569001 0.7411004 -0.6203003
-0.5582841 0.7410789 0.3729893
0.1309992 0.7410954 -0.6584959
-0.6203003 0.7411004 0.2569001
0 0.7410974 -0.6713976
-0.6584959 0.7410954 0.1309992
-0.1309992 0.7410954 -0.6584959
-0.6713976 0.7410974 0
-0.2569001 0.7411004 -0.6203003
-0.6584959 0.7410954 -0.1309992
-0.3729893 0.7410789 -0.5582841
-0.6203003 0.7411004 -0.2569001
-0.4747764 0.7410633 -0.4747764
-0.5582841 0.7410789 -0.3729893
-0.2785179 0.6858442 -0.6723433
-0.4043149 0.6858253 -0.6051223
-0.5146134 0.6858179 -0.5146134
-0.6051223 0.6858253 -0.4043149
-0.6723433 0.6858442 -0.2785179
-0.7137523 0.6858503 -0.1420104
-0.1420104 0.6858503 -0.7137523
-0.7277477 0.685845 0
0 0.685845 -0.7277477
-0.7137523 0.6858503 0.1420104
0.1420104 0.6858503 -0.7137523
-0.6723433 0.6858442 0.2785179
0.2785179 0.6858442 -0.6723433
-0.6051223 0.6858253 0.4043149
0.4043149 0.6858253 -0.6051223
-0.5146134 0.6858179 0.5146134
0.5146134 0.6858179 -0.5146134
-0.4043149 0.6858253 0.6051223
0.6051223 0.6858253 -0.4043149
-0.2785179 0.6858442 0.6723433
0.6723433 0.6858442 -0.2785179
-0.1420104 0.6858503 0.7137523
0.7137523 0.6858503 -0.1420104
0 0.685845 0.7277477
0.7277477 0.685845 0
0.1420104 0.6858503 0.7137523
0.7137523 0.6858503 0.1420104
0.2785179 0.6858442 0.6723433
0.6723433 0.6858442 0.2785179
0.4043149 0.6858253 0.6051223
0.6051223 0.6858253 0.4043149
0.5146134 0.6858179 0.5146134
0.9155596 0.4021823 0
0.8979506 0.4022227 0.1786101
0.8458611 0.4021815 0.3503839
0.761255 0.4021762 0.5086699
0.6473941 0.4021963 0.6473941
0.5086699 0.4021762 0.761255
0.8979506 0.4022227 -0.1786101
0.3503839 0.4021815 0.8458611
0.8458611 0.4021815 -0.3503839
0.1786101 0.4022227 0.8979506
0.761255 0.4021762 -0.5086699
0 0.4021823 0.9155596
0.6473941 0.4021963 -0.6473941
-0.1786101 0.4022227 0.8979506
0.5086699 0.4021762 -0.761255
-0.3503839 0.4021815 0.8458611
0.3503839 0.4021815 -0.8458611
-0.5086699 0.4021762 0.761255
0.1786101 0.4022227 -0.8979506
-0.6473941 0.4021963 0.6473941
0 0.4021823 -0.9155596
-0.761255 0.4021762 0.5086699
-0.1786101 0.4022227 -0.8979506
-0.8458611 0.4021815 0.3503839
-0.3503839 0.4021815 -0.8458611
-0.8979506 0.4022227 0.1786101
-0.5086699 0.4021762 -0.761255
-0.9155596 0.4021823 0
-0.6473941 0.4021963 -0.6473941
-0.8979506 0.4022227 -0.1786101
-0.761255 0.4021762 -0.5086699
-0.8458611 0.4021815 -0.3503839
-0.5295178 0.3025101 -0.7925266
-0.6739804 0.3024912 -0.6739804
-0.7925266 0.3025101 -0.5295178
-0.8806138 0.3025048 -0.3647057
-0.9348392 0.3025127 -0.1859078
-0.9531448 0.3025142 0
-0.3647057 0.3025048 -0.8806138
-0.9348392 0.3025127 0.1859078
-0.1859078 0.3025127 -0.9348392
-0.8806138 0.3025048 0.3647057
0 0.3025142 -0.9531448
-0.7925266 0.3025101 0.5295178
0.1859078 0.3025127 -0.9348392
-0.6739804 0.3024912 0.6739804
0.3647057 0.3025048 -0.8806138
-0.5295178 0.3025101 0.7925266
0.5295178 0.3025101 -0.7925266
-0.3647057 0.3025048 0.8806138
0.6739804 0.3024912 -0.6739804
-0.1859078 0.3025127 0.9348392
0.7925266 0.3025101 -0.5295178
0 0.3025142 0.9531448
0.8806138 0.3025048 -0.3647057
0.1859078 0.3025127 0.9348392
0.9348392 0.3025127 -0.1859078
0.3647057 0.3025048 0.8806138
0.9531448 0.3025142 0
0.5295178 0.3025101 0.7925266
0.9348392 0.3025127 0.1859078
0.6739804 0.3024912 0.6739804
0.8806138 0.3025048 0.3647057
0.7925266 0.3025101 0.5295178
0.954309 -0.2308022 -0.1898018
0.9730012 -0.2308003 0
0.954309 -0.2308022 0.1898018
0.8989463 -0.2308119 0.3723192
0.8090008 -0.2308002 0.5406005
0.6880149 -0.230805 0.6880149
0.8989463 -0.2308119 -0.3723192
0.5406005 -0.2308002 0.8090008
0.8090008 -0.2308002 -0.5406005
0.3723192 -0.2308119 0.8989463
0.6880149 -0.230805 -0.6880149
0.1898018 -0.2308022 0.954309
0.5406005 -0.2308002 -0.8090008
0 -0.2308003 0.9730012
0.3723192 -0.2308119 -0.8989463
-0.1898018 -0.2308022 0.954309
0.1898018 -0.2308022 -0.954309
-0.3724053 -0.2308033 0.8989127
0 -0.2308003 -0.9730012
-0.5406005 -0.2308002 0.8090008
-0.1898018 -0.2308022 -0.954309
-0.6880149 -0.230805 0.6880149
-0.3723192 -0.2308119 -0.8989463
-0.8090008 -0.2308002 0.5406005
-0.5406005 -0.2308002 -0.8090008
-0.8989463 -0.2308119 0.3723192
-0.6880149 -0.230805 -0.6880149
-0.954309 -0.2308022 0.1898018
-0.8090008 -0.2308002 -0.5406005
-0.9730012 -0.2308003 0
-0.8989463 -0.2308119 -0.3723192
-0.954309 -0.2308022 -0.1898018
-0.6268981 -0.4625986 -0.6268981
-0.7371475 -0.4626298 -0.4925317
-0.8190752 -0.4626425 -0.3392311
-0.8695332 -0.4626177 -0.1729066
-0.8865528 -0.4626275 0
-0.8695332 -0.4626177 0.1729066
-0.4925317 -0.4626298 -0.7371475
-0.8190752 -0.4626425 0.3392311
-0.3392311 -0.4626425 -0.8190752
-0.7371475 -0.4626298 0.4925317
-0.1729066 -0.4626177 -0.8695332
-0.6268981 -0.4625986 0.6268981
0 -0.4626275 -0.8865528
-0.4925317 -0.4626298 0.7371475
0.1729066 -0.4626177 -0.8695332
-0.3392311 -0.4626425 0.8190752
0.3392311 -0.4626425 -0.8190752
-0.1729066 -0.4626177 0.8695332
0.4925317 -0.4626298 -0.7371475
0 -0.4626275 0.8865528
0.6268981 -0.4625986 -0.6268981
0.1729066 -0.4626177 0.8695332
0.7371475 -0.4626298 -0.4925317
0.3392311 -0.4626425 0.8190752
0.8190752 -0.4626425 -0.3392311
0.4925317 -0.4626298 0.7371475
0.8695332 -0.4626177 -0.1729066
0.6268981 -0.4625986 0.6268981
0.8865528 -0.4626275 0
0.7371475 -0.4626298 0.4925317
0.8695332 -0.4626177 0.1729066
0.8190752 -0.4626425 0.3392311
0.9217741 0.0675981 -0.3817892
0.9785484 0.06760334 -0.1946096
0.9977125 0.06760084 0
0.9785484 0.06760334 0.1946096
0.9217741 0.0675981 0.3817892
0.8295774 0.06759816 0.5542849
0.8295774 0.06759816 -0.5542849
0.7054894 0.06759898 0.7054894
0.7054894 0.06759898 -0.7054894
0.5542849 0.06759816 0.8295774
0.5542849 0.06759816 -0.8295774
0.3817892 0.0675981 0.9217741
0.3817892 0.0675981 -0.9217741
0.1946096 0.06760334 0.9785484
0.1946096 0.06760334 -0.9785484
0 0.06760084 0.9977125
0 0.06760084 -0.9977125
-0.1946096 0.06760334 0.9785484
-0.1946096 0.06760334 -0.9785484
-0.3817892 0.0675981 0.9217741
-0.3817892 0.0675981 -0.9217741
-0.5542849 0.06759816 0.8295774
-0.5542849 0.06759816 -0.8295774
-0.7054894 0.06759898 0.7054894
-0.7054894 0.06759898 -0.7054894
-0.8295774 0.06759816 0.5542849
-0.8295774 0.06759816 -0.5542849
-0.9217741 0.0675981 0.3817892
-0.9217741 0.0675981 -0.3817892
-0.9785484 0.06760334 0.1946096
-0.9785484 0.06760334 -0.1946096
-0.9977125 0.06760084 0
-0.6608309 0.6069283 -0.4415207
-0.7342536 0.6069443 -0.3041222
-0.7794714 0.6069555 -0.1550142
-0.7947494 0.6069377 0
-0.7794714 0.6069555 0.1550142
-0.7342536 0.6069443 0.3041222
-0.5619273 0.6069294 -0.5620272
-0.6608309 0.6069283 0.4415207
-0.4415207 0.6069283 -0.6608309
-0.5619956 0.6068953 0.5619956
-0.3041222 0.6069443 -0.7342536
-0.4415207 0.6069283 0.6608309
-0.1550021 0.6069082 -0.7795106
-0.3041222 0.6069443 0.7342536
0 0.6069377 -0.7947494
-0.1550142 0.6069555 0.7794714
0.1550142 0.6069555 -0.7794714
0 0.6069377 0.7947494
0.3041222 0.6069443 -0.7342536
0.1550142 0.6069555 0.7794714
0.4415207 0.6069283 -0.6608309
0.3041222 0.6069443 0.7342536
0.5619588 0.6069635 -0.5619588
0.4415207 0.6069283 0.6608309
0.6608309 0.6069283 -0.4415207
0.5619588 0.6069635 0.5619588
0.7342536 0.6069443 -0.3041222
0.6608309 0.6069283 0.4415207
0.7794714 0.6069555 -0.1550142
0.7342536 0.6069443 0.3041222
0.7947494 0.6069377 0
0.7794714 0.6069555 0.1550142
0.73673 0.4635189 -0.4923201
0.8186299 0.4635169 -0.3391124
0.6265512 0.4635378 -0.6265512
0.8690733 0.4634858 -0.1728947
0.8860976 0.4634988 0
0.4923201 0.4635189 -0.73673
0.8690733 0.4634858 0.1728947
0.8186299 0.4635169 0.3391124
0.3391124 0.4635169 -0.8186299
0.73673 0.4635189 0.4923201
0.1728947 0.4634858 -0.8690733
0.6265512 0.4635378 0.6265512
0 0.4634988 -0.8860976
0.4923201 0.4635189 0.73673
-0.1728947 0.4634858 -0.8690733
0.3391124 0.4635169 0.8186299
-0.3391124 0.4635169 -0.8186299
0.1728947 0.4634858 0.8690733
-0.4923201 0.4635189 -0.73673
0 0.4634988 0.8860976
-0.6265512 0.4635378 -0.6265512
-0.1728947 0.4634858 0.8690733
-0.73673 0.4635189 -0.4923201
-0.3391124 0.4635169 0.8186299
-0.8186299 0.4635169 -0.3391124
-0.4923201 0.4635189 0.73673
-0.8690733 0.4634858 -0.1728947
-0.6265512 0.4635378 0.6265512
-0.8860976 0.4634988 0
-0.73673 0.4635189 0.4923201
-0.8690733 0.4634858 0.1728947
-0.8186299 0.4635169 0.3391124
0.4425025 0.6046035 0.6623037
0.3604069 0.7610146 0.5394104
0.2482143 0.7610438 0.5993345
0.304801 0.6046021 0.7359025
0.126508 0.7610481 0.6362402
0.5632198 0.6046213 0.5632198
0.4587155 0.7610257 0.4587155
0.1554028 0.604611 0.7812142
0 0.7610255 0.6487218
0.6623037 0.6046035 0.4425025
0.5394104 0.7610146 0.3604069
0 0.6046141 0.7965186
-0.126508 0.7610481 0.6362402
0.7359025 0.6046021 0.304801
0.5993345 0.7610438 0.2482143
-0.1554028 0.604611 0.7812142
-0.2482143 0.7610438 0.5993345
0.7812142 0.604611 0.1554028
0.6362402 0.7610481 0.126508
-0.304801 0.6046021 0.7359025
-0.3604069 0.7610146 0.5394104
0.7965186 0.6046141 0
0.6487218 0.7610255 0
-0.4425025 0.6046035 0.6623037
-0.4587155 0.7610257 0.4587155
0.7812142 0.604611 -0.1554028
0.6362402 0.7610481 -0.126508
-0.5632198 0.6046213 0.5632198
-0.5394104 0.7610146 0.3604069
0.7359025 0.6046021 -0.304801
0.5993345 0.7610438 -0.2482143
-0.6623037 0.6046035 0.4425025
-0.5993345 0.7610438 0.2482143
0.6623037 0.6046035 -0.4425025
0.5394104 0.7610146 -0.3604069
-0.7359025 0.6046021 0.304801
-0.6362402 0.7610481 0.126508
0.5632198 0.6046213 -0.5632198
0.4587155 0.7610257 -0.4587155
-0.7812142 0.604611 0.1554028
-0.6487218 0.7610255 0
0.4425025 0.6046035 -0.6623037
0.3604069 0.7610146 -0.5394104
-0.7965186 0.6046141 0
-0.6362402 0.7610481 -0.126508
0.304801 0.6046021 -0.7359025
0.2482143 0.7610438 -0.5993345
-0.7812142 0.604611 -0.1554028
-0.5993345 0.7610438 -0.2482143
0.1554028 0.604611 -0.7812142
0.126508 0.7610481 -0.6362402
-0.7359025 0.6046021 -0.304801
-0.5394104 0.7610146 -0.3604069
0 0.6046141 -0.7965186
0 0.7610255 -0.6487218
-0.6623037 0.6046035 -0.4425025
-0.4587155 0.7610257 -0.4587155
-0.1554028 0.604611 -0.7812142
-0.126508 0.7610481 -0.6362402
-0.5632198 0.6046213 -0.5632198
-0.3604069 0.7610146 -0.5394104
-0.304801 0.6046021 -0.7359025
-0.2482143 0.7610438 -0.5993345
-0.4425025 0.6046035 -0.6623037
0 -0.002899988 -0.9999958
-0.195096 -0.002899941 -0.9807798
-0.3826887 -0.002899915 -0.9238728
-0.5556207 -0.002900108 -0.8314309
-0.7071038 -0.002900016 -0.7071038
-0.8314309 -0.002900108 -0.5556207
0.195096 -0.002899941 -0.9807798
-0.9238728 -0.002899915 -0.3826887
0.3826887 -0.002899915 -0.9238728
-0.9807798 -0.002899941 -0.195096
0.5556207 -0.002900108 -0.8314309
-0.9999958 -0.002899988 0
0.7071038 -0.002900016 -0.7071038
-0.9807798 -0.002899941 0.195096
0.8314309 -0.002900108 -0.5556207
-0.9238728 -0.002899915 0.3826887
0.9238728 -0.002899915 -0.3826887
-0.8314309 -0.002900108 0.5556207
0.9807798 -0.002899941 -0.195096
-0.7071038 -0.002900016 0.7071038
0.9999958 -0.002899988 0
-0.5556207 -0.002900108 0.8314309
0.9807798 -0.002899941 0.195096
-0.3826887 -0.002899915 0.9238728
0.9238728 -0.002899915 0.3826887
-0.195096 -0.002899941 0.9807798
0.8314309 -0.002900108 0.5556207
0 -0.002899988 0.9999958
0.7071038 -0.002900016 0.7071038
0.195096 -0.002899941 0.9807798
0.5556207 -0.002900108 0.8314309
0.3826887 -0.002899915 0.9238728
0.7350003 -0.6059002 0.3044001
0.6614798 -0.6058816 0.4419865
0.5625204 -0.605922 0.5625204
0.4419865 -0.6058816 0.6614798
0.3044001 -0.6059002 0.7350003
0.1551946 -0.6058788 0.7802728
0.7802728 -0.6058788 0.1551946
0 -0.6059197 0.7955259
0.7955626 -0.6058715 0
-0.1551946 -0.6058788 0.7802728
0.7802728 -0.6058788 -0.1551946
-0.3044001 -0.6059002 0.7350003
0.7350003 -0.6059002 -0.3044001
-0.4419865 -0.6058816 0.6614798
0.6614798 -0.6058816 -0.4419865
-0.5625204 -0.605922 0.5625204
0.5625204 -0.605922 -0.5625204
-0.6614798 -0.6058816 0.4419865
0.4419865 -0.6058816 -0.6614798
-0.7350003 -0.6059002 0.3044001
0.3044001 -0.6059002 -0.7350003
-0.7802728 -0.6058788 0.1551946
0.1551946 -0.6058788 -0.7802728
-0.7955626 -0.6058715 0
0 -0.6059197 -0.7955259
-0.7802728 -0.6058788 -0.1551946
-0.1551946 -0.6058788 -0.7802728
-0.7350003 -0.6059002 -0.3044001
-0.3044001 -0.6059002 -0.7350003
-0.6614798 -0.6058816 -0.4419865
-0.4419865 -0.6058816 -0.6614798
-0.5625204 -0.605922 -0.5625204
-0.1763101 -0.4279245 -0.8864509
0 -0.4279101 -0.9038213
-0.3459051 -0.4279064 -0.8350124
-0.5021113 -0.4279096 -0.7515169
0.1763101 -0.4279245 -0.8864509
-0.6391013 -0.4279008 -0.6391013
-0.7515169 -0.4279096 -0.5021113
0.3459051 -0.4279064 -0.8350124
-0.8350124 -0.4279064 -0.3459051
0.5021113 -0.4279096 -0.7515169
-0.8864509 -0.4279245 -0.1763101
0.6391013 -0.4279008 -0.6391013
-0.9038213 -0.4279101 0
0.7515169 -0.4279096 -0.5021113
-0.8864509 -0.4279245 0.1763101
0.8350124 -0.4279064 -0.3459051
-0.8350124 -0.4279064 0.3459051
0.8864509 -0.4279245 -0.1763101
-0.7515169 -0.4279096 0.5021113
0.9038213 -0.4279101 0
-0.6391013 -0.4279008 0.6391013
0.8864509 -0.4279245 0.1763101
-0.5021113 -0.4279096 0.7515169
0.8350124 -0.4279064 0.3459051
-0.3459051 -0.4279064 0.8350124
0.7515169 -0.4279096 0.5021113
-0.1763101 -0.4279245 0.8864509
0.6391013 -0.4279008 0.6391013
0 -0.4279101 0.9038213
0.5021113 -0.4279096 0.7515169
0.1763101 -0.4279245 0.8864509
0.3459051 -0.4279064 0.8350124

UVs:

0.677609 0.999998
1E-06 0.999999
1E-06 0.968749
0.677609 0.968748
1E-06 0.937499
0.677609 0.937498
1E-06 0.906251
0.677609 0.906248
0 0.875001
0.677609 0.874999
0 0.843751
0.677608 0.843749
0 0.812501
0.677608 0.812499
0 0.78125
0.677608 0.781249
0 0.75
0.677608 0.749999
0 0.71875
0.677608 0.718749
0 0.6875
0.677608 0.687499
0 0.65625
0.677608 0.656249
0 0.625
0.677608 0.625
0 0.59375
0.677608 0.59375
0 0.5625
0.677608 0.5625
0 0.53125
0.677608 0.53125
0 0.5
0.677608 0.5
0 0.46875
0.677608 0.46875
0 0.4375
0.677608 0.4375
0 0.40625
0.677608 0.406251
0 0.375
0.677608 0.375001
0 0.34375
0.677608 0.343751
0 0.3125
0.677608 0.312501
0 0.28125
0.677608 0.281251
1E-06 0.25
0.677608 0.250001
1E-06 0.21875
0.677608 0.218751
1E-06 0.1875
0.677608 0.187502
1E-06 0.15625
0.677608 0.156252
1E-06 0.125
0.677609 0.125002
1E-06 0.09375
0.677609 0.09375203
1E-06 0.06249899
0.677609 0.06250203
0 0.03125203
0.677609 0.03125203
0 0
0.677609 0
0.809569 0.879514
0.887959 0.820256
0.817937 0.889769
0.877733 0.81184
0.94295 0.738311
0.729521 0.932429
0.735708 0.944106
0.93127 0.73207
0.980767 0.647199
0.640841 0.968623
0.64463 0.981258
0.968099 0.64337
1 0.550521
0.546973 0.986884
0.548238 1
0.986838 0.549243
1 0.452039
0.451384 0.986613
0.450083 0.999727
0.986851 0.453349
0.980859 0.355492
0.357624 0.967801
0.3538 0.98042
0.968217 0.359332
0.943326 0.264474
0.269233 0.931107
0.263023 0.942752
0.931668 0.270701
0.888771 0.182467
0.189616 0.877859
0.181248 0.888076
0.878545 0.190849
0.819252 0.112638
0.121891 0.81006
0.111689 0.818448
0.810855 0.122855
0.737447 0.05772799
0.068715 0.730352
0.057078 0.736588
0.731205 0.06938398
0.646535 0.01982999
0.03209 0.641882
0.01947 0.645736
0.642685 0.03247499
0.550008 0.0003499985
0.013331 0.548017
0.000201 0.549349
0.548691 0.01350302
0.451518 1.901388E-05
0.013151 0.452235
0 0.450988
0.452787 0.01318401
0.354748 0.018875
0.031641 0.358133
0.018968 0.35434
0.358565 0.03155398
0.263404 0.05634099
0.068205 0.269332
0.056503 0.263125
0.269639 0.068039
0.181143 0.111077
0.121522 0.189329
0.111257 0.180939
0.18956 0.121325
0.047786 0.362963
0.083111 0.277236
0.134598 0.200013
0.200284 0.134372
0.277586 0.08293301
0.363436 0.04770201
0.029907 0.453822
0.454411 0.02995402
0.03006 0.546318
0.547019 0.03026098
0.048167 0.636966
0.637783 0.04858601
0.083537 0.722402
0.723258 0.08423501
0.134885 0.79937
0.800163 0.135872
0.200272 0.864841
0.865522 0.201531
0.277143 0.916271
0.916818 0.278638
0.362493 0.951722
0.952112 0.36423
0.453039 0.969903
0.970099 0.455021
0.545356 0.970171
0.970071 0.547617
0.636006 0.952527
0.95196 0.638496
0.72163 0.917559
0.916393 0.724124
0.798907 0.866459
0.864706 0.801127
0.543305 0.948879
0.629849 0.932022
0.711583 0.898621
0.785334 0.849833
0.848125 0.78748
0.897455 0.713996
0.45516 0.948617
0.931413 0.632276
0.36871 0.931244
0.948716 0.545532
0.28723 0.89738
0.948759 0.457137
0.213853 0.848269
0.931593 0.370461
0.151439 0.785764
0.897899 0.288742
0.102419 0.712281
0.848928 0.21513
0.068651 0.630713
0.786536 0.152445
0.051372 0.544166
0.713126 0.103144
0.051248 0.45586
0.631528 0.06910402
0.068343 0.36913
0.544879 0.051606
0.102085 0.287314
0.456474 0.05131698
0.15124 0.213625
0.369634 0.068268
0.213931 0.15099
0.287699 0.101901
0.13383 0.304277
0.179062 0.236487
0.236729 0.178867
0.304574 0.133699
0.379961 0.102742
0.459864 0.087129
0.102763 0.379551
0.541213 0.087376
0.087008 0.459367
0.620969 0.103471
0.087109 0.540645
0.696075 0.134796
0.103014 0.620298
0.763643 0.180164
0.134097 0.695377
0.821075 0.237866
0.179222 0.763023
0.866158 0.305609
0.236672 0.820553
0.897176 0.380837
0.30421 0.86576
0.912981 0.4606
0.379212 0.896941
0.91294 0.541953
0.458798 0.91294
0.897012 0.621776
0.53994 0.913173
0.865769 0.696963
0.619584 0.897632
0.820402 0.764567
0.694796 0.866865
0.762655 0.821947
0.464783 0.854311
0.5344 0.854483
0.602657 0.841117
0.667181 0.814765
0.725437 0.776237
0.774915 0.72699
0.396481 0.840589
0.813767 0.669019
0.332111 0.813832
0.84055 0.604542
0.274139 0.775048
0.854197 0.536065
0.224808 0.725691
0.854201 0.466282
0.186113 0.66758
0.840613 0.397918
0.159497 0.603158
0.814044 0.333325
0.145837 0.534872
0.775339 0.275229
0.145743 0.465151
0.726069 0.225669
0.15927 0.396688
0.668081 0.186778
0.185925 0.332134
0.603627 0.159921
0.224708 0.273998
0.535193 0.146148
0.274139 0.224585
0.465466 0.145979
0.332268 0.18583
0.396957 0.159324
0.261864 0.304438
0.304619 0.261712
0.354802 0.228116
0.41083 0.205318
0.470077 0.193904
0.530346 0.19397
0.228325 0.354742
0.589587 0.205863
0.20525 0.410577
0.645362 0.229115
0.193523 0.469802
0.695579 0.262686
0.193617 0.530126
0.738123 0.305708
0.205498 0.589147
0.771729 0.355905
0.228411 0.644911
0.794542 0.411905
0.261808 0.69531
0.806381 0.470965
0.304582 0.737977
0.806413 0.531346
0.354772 0.771534
0.794617 0.590603
0.410483 0.794708
0.771431 0.646358
0.469597 0.806596
0.737883 0.696488
0.529841 0.806727
0.695164 0.739166
0.588807 0.795096
0.644666 0.772439
0.423081 0.754612
0.474147 0.764852
0.526177 0.76489
0.576985 0.754454
0.625288 0.735293
0.669025 0.70669
0.374945 0.734616
0.705633 0.669492
0.33155 0.705667
0.734471 0.626209
0.29423 0.669055
0.754526 0.578114
0.265613 0.625382
0.764624 0.526885
0.2461 0.577201
0.764501 0.474741
0.235463 0.526297
0.75382 0.423861
0.235301 0.474213
0.734803 0.375318
0.245412 0.423078
0.705076 0.332244
0.265306 0.374859
0.66878 0.294743
0.294175 0.331309
0.625133 0.26611
0.331114 0.294486
0.576998 0.24598
0.374153 0.265044
0.525768 0.235796
0.422609 0.245673
0.473726 0.236117
0.340694 0.306343
0.381556 0.278957
0.427059 0.260172
0.47512 0.250595
0.524134 0.250833
0.572429 0.26043
0.305807 0.341019
0.617813 0.279479
0.278649 0.382132
0.658745 0.306876
0.259886 0.427612
0.693738 0.341536
0.250358 0.475829
0.720962 0.382696
0.250493 0.524911
0.739832 0.428094
0.259996 0.572965
0.749463 0.476125
0.278935 0.618147
0.74954 0.525262
0.306434 0.659038
0.740076 0.57358
0.341312 0.693969
0.721163 0.618919
0.382248 0.721306
0.693971 0.659736
0.427653 0.740156
0.659041 0.694467
0.475812 0.749803
0.618116 0.721975
0.524853 0.749868
0.572797 0.740532
0.386444 0.71343
0.430235 0.731627
0.476682 0.740947
0.523989 0.741042
0.570287 0.732131
0.613863 0.71397
0.346969 0.687043
0.653364 0.687562
0.313328 0.653353
0.687071 0.65409
0.286797 0.613924
0.713432 0.614792
0.268522 0.570355
0.731402 0.570965
0.259329 0.524009
0.740659 0.524425
0.259217 0.476669
0.74062 0.47704
0.268425 0.430168
0.731409 0.430654
0.286558 0.386301
0.712976 0.386953
0.312833 0.346752
0.686805 0.34724
0.346285 0.313135
0.653091 0.313785
0.385766 0.286814
0.613659 0.287234
0.429637 0.26872
0.569785 0.269101
0.475984 0.25948
0.523261 0.259694
0.39049 0.295676
0.432556 0.278282
0.476984 0.269419
0.522303 0.26963
0.566916 0.278668
0.608944 0.296038
0.352637 0.320846
0.646702 0.321476
0.320614 0.353103
0.678992 0.353637
0.295354 0.390967
0.704201 0.391692
0.278005 0.433009
0.721862 0.433567
0.269148 0.477583
0.730638 0.478052
0.26924 0.522971
0.730704 0.52351
0.278052 0.567404
0.721833 0.568131
0.29558 0.609164
0.704576 0.610123
0.321035 0.64696
0.679323 0.64778
0.353293 0.679261
0.647069 0.679862
0.391125 0.704586
0.609157 0.70512
0.433103 0.722056
0.567363 0.722566
0.477632 0.731016
0.522993 0.731141
0.366126 0.663523
0.400652 0.68669
0.336647 0.634027
0.438961 0.70268
0.479606 0.710904
0.313379 0.599538
0.521004 0.71106
0.561468 0.703183
0.297368 0.561449
0.599649 0.687352
0.289312 0.520971
0.634244 0.664279
0.289301 0.47955
0.663658 0.634984
0.297428 0.438822
0.686684 0.600619
0.313314 0.400414
0.702517 0.562356
0.3363 0.365803
0.710575 0.521659
0.365559 0.336464
0.710487 0.480159
0.400034 0.313436
0.702433 0.439523
0.438357 0.297616
0.686405 0.401272
0.478931 0.289618
0.663309 0.366566
0.52032 0.28977
0.633886 0.337149
0.561047 0.298019
0.599397 0.313945
0.902631 0.284911
0.942666 0.262802
0.980596 0.353684
0.936935 0.367544
1 0.450415
0.852899 0.210707
0.887786 0.181236
0.954414 0.455441
1 0.549157
0.789676 0.147744
0.818106 0.112055
0.954289 0.545149
0.98067 0.645977
0.715405 0.09837198
0.736324 0.05783999
0.936641 0.633109
0.942792 0.737088
0.632927 0.06441599
0.64557 0.02058101
0.902151 0.715875
0.887889 0.818984
0.54538 0.04710799
0.54927 0.001630008
0.852193 0.790265
0.818118 0.88855
0.456076 0.04715598
0.451051 0.001754999
0.788723 0.853447
0.736189 0.94316
0.368417 0.06456202
0.354657 0.02097303
0.714205 0.903031
0.645256 0.980755
0.285756 0.09869498
0.263771 0.05858499
0.631509 0.937144
0.548815 0.999931
0.211265 0.148269
0.18188 0.113182
0.543813 0.954508
0.450551 1
0.147818 0.211425
0.112141 0.182719
0.454473 0.954503
0.354211 0.980963
0.097878 0.285774
0.057263 0.264567
0.366903 0.937125
0.263466 0.943575
0.063389 0.368482
0.019394 0.355609
0.284432 0.903053
0.181728 0.889283
0.045714 0.456366
4E-05 0.452342
0.210181 0.853614
0.112098 0.820079
0.045555 0.545994
0 0.551004
0.146988 0.790628
0.057262 0.738525
0.063007 0.633835
0.019368 0.64768
0.097286 0.716434
0.068638 0.458688
0.068476 0.54379
0.085028 0.627174
0.117548 0.705605
0.164718 0.776062
0.224716 0.835874
0.085417 0.375235
0.295235 0.882817
0.118155 0.296694
0.373565 0.915167
0.165567 0.226084
0.456737 0.931655
0.225811 0.166097
0.541589 0.931639
0.296553 0.119002
0.624878 0.91513
0.375057 0.08656698
0.70341 0.882716
0.458312 0.07001501
0.774172 0.835613
0.543133 0.06994802
0.834435 0.775602
0.626288 0.08637398
0.881861 0.704954
0.704626 0.118609
0.914597 0.626361
0.775153 0.16549
0.931345 0.542835
0.83517 0.225282
0.931474 0.457649
0.882363 0.295748
0.914902 0.374211
0.694259 0.137829
0.761231 0.182314
0.818212 0.239064
0.863004 0.305956
0.893887 0.380441
0.909621 0.459626
0.619858 0.10726
0.909506 0.540517
0.540881 0.09169501
0.893638 0.619827
0.460332 0.09180301
0.862591 0.694455
0.381275 0.107561
0.817594 0.761549
0.306738 0.1384
0.760399 0.818555
0.239579 0.18315
0.693227 0.863312
0.1824 0.240133
0.618668 0.894129
0.137413 0.307192
0.539581 0.909842
0.106361 0.381774
0.459003 0.909902
0.090458 0.461015
0.380019 0.894285
0.090309 0.541815
0.305625 0.863594
0.10603 0.62095
0.238649 0.819052
0.136901 0.695403
0.181679 0.762286
0.12716 0.538418
0.12727 0.464837
0.141367 0.61045
0.169406 0.678134
0.141709 0.39269
0.210139 0.73898
0.262001 0.790629
0.169925 0.324777
0.32299 0.831131
0.210843 0.263713
0.390744 0.859062
0.262878 0.211814
0.462676 0.873232
0.324024 0.171038
0.536052 0.873127
0.391892 0.142904
0.608067 0.858773
0.46388 0.128504
0.675951 0.830672
0.537239 0.128357
0.737089 0.789885
0.609177 0.1425
0.789134 0.73796
0.676925 0.170275
0.830062 0.676869
0.737896 0.210734
0.858272 0.608926
0.789753 0.262374
0.872667 0.536723
0.830492 0.323229
0.872717 0.463037
0.858532 0.390938

Indices:

0 1 2
0 2 3
3 2 4
3 4 5
5 4 6
5 6 7
7 6 8
7 8 9
9 8 10
9 10 11
11 10 12
11 12 13
13 12 14
13 14 15
15 14 16
15 16 17
17 16 18
17 18 19
19 18 20
19 20 21
21 20 22
21 22 23
23 22 24
23 24 25
25 24 26
25 26 27
27 26 28
27 28 29
29 28 30
29 30 31
31 30 32
31 32 33
33 32 34
33 34 35
35 34 36
35 36 37
37 36 38
37 38 39
39 38 40
39 40 41
41 40 42
41 42 43
43 42 44
43 44 45
45 44 46
45 46 47
47 46 48
47 48 49
49 48 50
49 50 51
51 50 52
51 52 53
53 52 54
53 54 55
55 54 56
55 56 57
57 56 58
57 58 59
59 58 60
59 60 61
61 60 62
61 62 63
63 62 64
63 64 65
66 67 68
66 69 67
69 70 67
71 66 68
71 68 72
69 73 70
73 74 70
75 71 72
75 72 76
73 77 74
77 78 74
79 75 76
79 76 80
77 81 78
81 82 78
83 79 80
83 80 84
81 85 82
85 86 82
87 83 84
87 84 88
85 89 86
89 90 86
91 87 88
91 88 92
89 93 90
93 94 90
95 91 92
95 92 96
93 97 94
97 98 94
99 95 96
99 96 100
97 101 98
101 102 98
103 99 100
103 100 104
101 105 102
105 106 102
107 103 104
107 104 108
105 109 106
109 110 106
111 107 108
111 108 112
109 113 110
113 114 110
115 111 112
115 112 116
113 117 114
117 118 114
119 115 116
119 116 120
117 121 118
121 122 118
123 119 120
123 120 124
121 125 122
125 126 122
127 123 124
127 124 128
129 128 126
125 129 126
129 127 128
130 115 119
131 119 123
131 130 119
132 123 127
132 131 123
133 127 129
133 132 127
134 129 125
134 133 129
135 125 121
135 134 125
130 136 115
136 111 115
137 135 121
137 121 117
136 138 111
138 107 111
139 137 117
139 117 113
138 140 107
140 103 107
141 139 113
141 113 109
140 142 103
142 99 103
143 141 109
143 109 105
142 144 99
144 95 99
145 143 105
145 105 101
144 146 95
146 91 95
147 145 101
147 101 97
146 148 91
148 87 91
149 147 97
149 97 93
148 150 87
150 83 87
151 149 93
151 93 89
150 152 83
152 79 83
153 151 89
153 89 85
152 154 79
154 75 79
155 153 85
155 85 81
154 156 75
156 71 75
157 155 81
157 81 77
156 158 71
158 66 71
159 157 77
159 77 73
158 160 66
160 69 66
161 73 69
161 159 73
160 161 69
162 156 154
163 158 156
162 163 156
164 160 158
163 164 158
165 161 160
164 165 160
166 159 161
165 166 161
167 157 159
166 167 159
168 162 154
168 154 152
167 169 157
169 155 157
170 168 152
170 152 150
169 171 155
171 153 155
172 170 150
172 150 148
171 173 153
173 151 153
174 172 148
174 148 146
173 175 151
175 149 151
176 174 146
176 146 144
175 177 149
177 147 149
178 176 144
178 144 142
177 179 147
179 145 147
180 178 142
180 142 140
179 181 145
181 143 145
182 180 140
182 140 138
181 183 143
183 141 143
184 182 138
184 138 136
183 185 141
185 139 141
186 184 136
186 136 130
185 187 139
187 137 139
188 186 130
188 130 131
187 189 137
189 135 137
190 188 131
190 131 132
189 191 135
191 134 135
192 190 132
192 132 133
193 133 134
191 193 134
193 192 133
194 186 188
195 188 190
195 194 188
196 190 192
196 195 190
197 192 193
197 196 192
198 193 191
198 197 193
199 191 189
199 198 191
194 200 186
200 184 186
201 199 189
201 189 187
200 202 184
202 182 184
203 201 187
203 187 185
202 204 182
204 180 182
205 203 185
205 185 183
204 206 180
206 178 180
207 205 183
207 183 181
206 208 178
208 176 178
209 207 181
209 181 179
208 210 176
210 174 176
211 209 179
211 179 177
210 212 174
212 172 174
213 211 177
213 177 175
212 214 172
214 170 172
215 213 175
215 175 173
214 216 170
216 168 170
217 215 173
217 173 171
216 218 168
218 162 168
219 217 171
219 171 169
218 220 162
220 163 162
221 219 169
221 169 167
220 222 163
222 164 163
223 221 167
223 167 166
222 224 164
224 165 164
225 166 165
225 223 166
224 225 165
226 220 218
227 222 220
226 227 220
228 224 222
227 228 222
229 225 224
228 229 224
230 223 225
229 230 225
231 221 223
230 231 223
232 226 218
232 218 216
231 233 221
233 219 221
234 232 216
234 216 214
233 235 219
235 217 219
236 234 214
236 214 212
235 237 217
237 215 217
238 236 212
238 212 210
237 239 215
239 213 215
240 238 210
240 210 208
239 241 213
241 211 213
242 240 208
242 208 206
241 243 211
243 209 211
244 242 206
244 206 204
243 245 209
245 207 209
246 244 204
246 204 202
245 247 207
247 205 207
248 246 202
248 202 200
247 249 205
249 203 205
250 248 200
250 200 194
249 251 203
251 201 203
252 250 194
252 194 195
251 253 201
253 199 201
254 252 195
254 195 196
253 255 199
255 198 199
256 254 196
256 196 197
257 197 198
255 257 198
257 256 197
258 250 252
259 252 254
259 258 252
260 254 256
260 259 254
261 256 257
261 260 256
262 257 255
262 261 257
263 255 253
263 262 255
258 264 250
264 248 250
265 263 253
265 253 251
264 266 248
266 246 248
267 265 251
267 251 249
266 268 246
268 244 246
269 267 249
269 249 247
268 270 244
270 242 244
271 269 247
271 247 245
270 272 242
272 240 242
273 271 245
273 245 243
272 274 240
274 238 240
275 273 243
275 243 241
274 276 238
276 236 238
277 275 241
277 241 239
276 278 236
278 234 236
279 277 239
279 239 237
278 280 234
280 232 234
281 279 237
281 237 235
280 282 232
282 226 232
283 281 235
283 235 233
282 284 226
284 227 226
285 283 233
285 233 231
284 286 227
286 228 227
287 285 231
287 231 230
286 288 228
288 229 228
289 230 229
289 287 230
288 289 229
290 284 282
291 286 284
290 291 284
292 288 286
291 292 286
293 289 288
292 293 288
294 287 289
293 294 289
295 285 287
294 295 287
296 290 282
296 282 280
295 297 285
297 283 285
298 296 280
298 280 278
297 299 283
299 281 283
300 298 278
300 278 276
299 301 281
301 279 281
302 300 276
302 276 274
301 303 279
303 277 279
304 302 274
304 274 272
303 305 277
305 275 277
306 304 272
306 272 270
305 307 275
307 273 275
308 306 270
308 270 268
307 309 273
309 271 273
310 308 268
310 268 266
309 311 271
311 269 271
312 310 266
312 266 264
311 313 269
313 267 269
314 312 264
314 264 258
313 315 267
315 265 267
316 314 258
316 258 259
315 317 265
317 263 265
318 316 259
318 259 260
317 319 263
319 262 263
320 318 260
320 260 261
321 261 262
319 321 262
321 320 261
322 314 316
323 316 318
323 322 316
324 318 320
324 323 318
325 320 321
325 324 320
326 321 319
326 325 321
327 319 317
327 326 319
322 328 314
328 312 314
329 327 317
329 317 315
328 330 312
330 310 312
331 329 315
331 315 313
330 332 310
332 308 310
333 331 313
333 313 311
332 334 308
334 306 308
335 333 311
335 311 309
334 336 306
336 304 306
337 335 309
337 309 307
336 338 304
338 302 304
339 337 307
339 307 305
338 340 302
340 300 302
341 339 305
341 305 303
340 342 300
342 298 300
343 341 303
343 303 301
342 344 298
344 296 298
345 343 301
345 301 299
344 346 296
346 290 296
347 345 299
347 299 297
346 348 290
348 291 290
349 347 297
349 297 295
348 350 291
350 292 291
351 349 295
351 295 294
350 352 292
352 293 292
353 294 293
353 351 294
352 353 293
354 348 346
355 350 348
354 355 348
356 352 350
355 356 350
357 353 352
356 357 352
358 351 353
357 358 353
359 349 351
358 359 351
360 354 346
360 346 344
359 361 349
361 347 349
362 360 344
362 344 342
361 363 347
363 345 347
364 362 342
364 342 340
363 365 345
365 343 345
366 364 340
366 340 338
365 367 343
367 341 343
368 366 338
368 338 336
367 369 341
369 339 341
370 368 336
370 336 334
369 371 339
371 337 339
372 370 334
372 334 332
371 373 337
373 335 337
374 372 332
374 332 330
373 375 335
375 333 335
376 374 330
376 330 328
375 377 333
377 331 333
378 376 328
378 328 322
377 379 331
379 329 331
380 378 322
380 322 323
379 381 329
381 327 329
382 380 323
382 323 324
381 383 327
383 326 327
384 382 324
384 324 325
385 325 326
383 385 326
385 384 325
386 378 380
387 380 382
387 386 380
388 382 384
388 387 382
389 384 385
389 388 384
390 385 383
390 389 385
391 383 381
391 390 383
386 392 378
392 376 378
393 391 381
393 381 379
392 394 376
394 374 376
395 393 379
395 379 377
394 396 374
396 372 374
397 395 377
397 377 375
396 398 372
398 370 372
399 397 375
399 375 373
398 400 370
400 368 370
401 399 373
401 373 371
400 402 368
402 366 368
403 401 371
403 371 369
402 404 366
404 364 366
405 403 369
405 369 367
404 406 364
406 362 364
407 405 367
407 367 365
406 408 362
408 360 362
409 407 365
409 365 363
408 410 360
410 354 360
411 409 363
411 363 361
410 412 354
412 355 354
413 411 361
413 361 359
412 414 355
414 356 355
415 413 359
415 359 358
414 416 356
416 357 356
417 358 357
417 415 358
416 417 357
418 412 410
418 419 412
419 414 412
420 418 410
419 421 414
421 416 414
420 410 408
421 422 416
422 417 416
423 420 408
422 424 417
424 415 417
423 408 406
424 425 415
426 423 406
425 413 415
426 406 404
425 427 413
428 426 404
427 411 413
428 404 402
427 429 411
430 428 402
429 409 411
430 402 400
429 431 409
432 430 400
431 407 409
432 400 398
431 433 407
434 432 398
433 405 407
434 398 396
433 435 405
436 434 396
435 403 405
436 396 394
435 437 403
438 436 394
437 401 403
438 394 392
437 439 401
440 438 392
439 399 401
440 392 386
439 441 399
442 440 386
441 397 399
442 386 387
441 443 397
444 442 387
443 395 397
444 387 388
443 445 395
446 444 388
445 393 395
446 388 389
445 447 393
448 446 389
447 391 393
448 389 390
447 449 391
449 448 390
449 390 391
450 451 452
450 452 453
453 452 454
455 451 450
455 456 451
453 454 457
457 454 458
459 456 455
459 460 456
457 458 461
461 458 462
463 460 459
463 464 460
461 462 465
465 462 466
467 464 463
467 468 464
465 466 469
469 466 470
471 468 467
471 472 468
469 470 473
473 470 474
475 472 471
475 476 472
473 474 477
477 474 478
479 476 475
479 480 476
477 478 481
481 478 482
483 480 479
483 484 480
481 482 485
485 482 486
487 484 483
487 488 484
485 486 489
489 486 490
491 488 487
491 492 488
489 490 493
493 490 494
495 492 491
495 496 492
493 494 497
497 494 498
499 496 495
499 500 496
497 498 501
501 498 502
503 500 499
503 504 500
501 502 505
505 502 506
507 504 503
507 508 504
505 506 509
509 506 510
511 508 507
511 512 508
513 510 512
509 510 513
513 512 511
514 503 499
515 507 503
515 503 514
516 511 507
516 507 515
517 513 511
517 511 516
518 509 513
518 513 517
519 505 509
519 509 518
514 499 520
520 499 495
521 505 519
521 501 505
520 495 522
522 495 491
523 501 521
523 497 501
522 491 524
524 491 487
525 497 523
525 493 497
524 487 526
526 487 483
527 493 525
527 489 493
526 483 528
528 483 479
529 489 527
529 485 489
528 479 530
530 479 475
531 485 529
531 481 485
530 475 532
532 475 471
533 481 531
533 477 481
532 471 534
534 471 467
535 477 533
535 473 477
534 467 536
536 467 463
537 473 535
537 469 473
536 463 538
538 463 459
539 469 537
539 465 469
538 459 540
540 459 455
541 465 539
541 461 465
540 455 542
542 455 450
543 461 541
543 457 461
542 450 544
544 450 453
545 453 457
545 457 543
544 453 545
546 538 540
547 540 542
546 540 547
548 542 544
547 542 548
549 544 545
548 544 549
550 545 543
549 545 550
551 543 541
550 543 551
552 538 546
552 536 538
551 541 553
553 541 539
554 536 552
554 534 536
553 539 555
555 539 537
556 534 554
556 532 534
555 537 557
557 537 535
558 532 556
558 530 532
557 535 559
559 535 533
560 530 558
560 528 530
559 533 561
561 533 531
562 528 560
562 526 528
561 531 563
563 531 529
564 526 562
564 524 526
563 529 565
565 529 527
566 524 564
566 522 524
565 527 567
567 527 525
568 522 566
568 520 522
567 525 569
569 525 523
570 520 568
570 514 520
569 523 571
571 523 521
572 514 570
572 515 514
571 521 573
573 521 519
574 515 572
574 516 515
573 519 575
575 519 518
576 516 574
576 517 516
577 518 517
575 518 577
577 517 576
578 572 570
578 570 579
580 572 578
580 574 572
579 570 568
581 574 580
581 576 574
579 568 582
583 576 581
583 577 576
582 568 566
584 577 583
582 566 585
584 575 577
585 566 564
586 575 584
585 564 587
586 573 575
587 564 562
588 573 586
587 562 589
588 571 573
589 562 560
590 571 588
589 560 591
590 569 571
591 560 558
592 569 590
591 558 593
592 567 569
593 558 556
594 567 592
593 556 595
594 565 567
595 556 554
596 565 594
595 554 597
596 563 565
597 554 552
598 563 596
597 552 599
598 561 563
599 552 546
600 561 598
599 546 601
600 559 561
601 546 547
602 559 600
601 547 603
602 557 559
603 547 548
604 557 602
603 548 605
604 555 557
605 548 549
606 555 604
605 549 607
606 553 555
607 549 550
608 553 606
607 550 609
608 551 553
609 550 551
609 551 608
