Vertices:

1 0 -0.15
-1 0 -0.15
-1 0 0
1 0 0
1 0 -0.15
-1 1.8 -0.15
-1 0 -0.15
1 1.8 -0.15
-0.980785 1.995091 -0.15
-1 1.800001 -0.15
-0.923879 2.182684 -0.15
-0.831469 2.355571 -0.15
-0.707106 2.507108 -0.15
-0.555569 2.63147 -0.15
-0.382682 2.72388 -0.15
-0.195089 2.780786 -0.15
0 2.8 -0.15
0.19509 2.780785 -0.15
0.382683 2.723879 -0.15
0.55557 2.631469 -0.15
0.707107 2.507107 -0.15
0.83147 2.35557 -0.15
0.92388 2.182683 -0.15
0.980785 1.99509 -0.15
-0.499932 2.85 0
-0.499932 2.85 0.099496
-1.499798 2.850001 0.099496
-1.499798 2.850001 0
1.45159 0.126914 0
1.4998 0.15 0
1.4998 2.85 0
1.412812 0.09305 0
1.379114 0.046525 0
1.366456 0 0
1 0 0
1 1.8 0
0.980785 1.99509 0
0.92388 2.182683 0
0.83147 2.35557 0
0.707107 2.507107 0
0.55557 2.631469 0
0.499934 2.85 0
0.382683 2.723879 0
0.19509 2.780785 0
0 2.8 0
-0.195089 2.780786 0
-0.499932 2.85 0
-0.382682 2.72388 0
-0.555569 2.63147 0
-0.707106 2.507108 0
-0.831469 2.355571 0
-1.499798 2.850001 0
-0.923879 2.182684 0
-0.980785 1.995091 0
-1.499798 0.15 0
-1.451589 0.126914 0
-1.412811 0.093049 0
-1.379113 0.046525 0
-1.366455 0 0
-1 1.800001 0
-1 0 0
-1 1.8 0
-0.483863 2.873086 0.109085
-0.499932 2.85 0.099496
-0.499933 2.85 -0.015484
-0.483863 2.873086 -0.005895
-0.470937 2.906951 0.116799
-0.483863 2.873086 0.109085
-0.483863 2.873086 -0.005895
-0.470937 2.906951 0.001818
-0.459704 2.953475 0.123502
-0.470937 2.906951 0.116799
-0.470937 2.906951 0.001818
-0.459704 2.953475 0.008522
-0.455484 3.000001 0.12602
-0.459704 2.953475 0.123502
-0.459704 2.953475 0.008522
-0.455485 3.000001 0.011039
1.4998 2.85 0
1.4998 2.85 0.099496
0.499934 2.85 0.099496
0.499934 2.85 0
0.499934 2.85 0.099496
0.483864 2.873086 0.109085
0.483863 2.873086 -0.005895
0.499933 2.85 -0.015484
0.483864 2.873086 0.109085
0.470938 2.906951 0.116799
0.470937 2.906951 0.001818
0.483863 2.873086 -0.005895
0.470938 2.906951 0.116799
0.459705 2.953475 0.123502
0.459704 2.953475 0.008522
0.470937 2.906951 0.001818
0.459705 2.953475 0.123502
0.455486 3.000001 0.12602
0.455485 3.000001 0.011039
0.459704 2.953475 0.008522
-0.483863 2.873086 -0.005895
-0.499933 2.85 -0.015484
0.499933 2.85 -0.015484
-0.470937 2.906951 0.001818
-0.459704 2.953475 0.008522
-0.455485 3.000001 0.011039
0.483863 2.873086 -0.005895
0.470937 2.906951 0.001818
0.459704 2.953475 0.008522
0.455485 3.000001 0.011039
2.15 0 3
2.15 0 1
2 0 1
2 0 3
2.15 0 3
2.15 1.8 1
2.15 0 1
2.15 1.8 3
2.15 1.800001 1
2.15 1.99509 2.980785
2.15 1.995091 1.019215
2.15 2.182683 2.92388
2.15 2.182684 1.076121
2.15 2.35557 2.83147
2.15 2.355571 1.168531
2.15 2.507107 2.707107
2.15 2.507108 1.292894
2.15 2.631469 2.55557
2.15 2.63147 1.444431
2.15 2.723879 2.382684
2.15 2.72388 1.617318
2.15 2.780785 2.19509
2.15 2.780786 1.804911
2.15 2.8 2
2 2.85 1.500068
1.900504 2.85 1.500068
1.900504 2.850001 0.500202
2 2.850001 0.500202
2 0.046525 0.620887
2 0 0.633545
2 0 1
2 1.8 1
2 0.093049 0.587189
2 0.126914 0.548411
2 0.15 0.500202
2 2.850001 0.500202
2 1.800001 1
2 1.995091 1.019215
2 2.182684 1.076121
2 2.355571 1.168531
2 2.507108 1.292894
2 2.63147 1.444431
2 2.72388 1.617318
2 2.780786 1.804911
2 2.8 2
2 2.85 1.500068
2 2.85 3.4998
2 2.85 2.499934
2 2.780785 2.19509
2 2.723879 2.382684
2 2.631469 2.55557
2 2.507107 2.707107
2 2.35557 2.83147
2 2.182683 2.92388
2 1.99509 2.980785
2 1.8 3
2 0.15 3.4998
2 0.126914 3.45159
2 0.09305 3.412812
2 0.046525 3.379114
2 0 3.366456
2 0 3
1.890915 2.873086 1.516137
1.900504 2.85 1.500068
2.015484 2.85 1.500067
2.005895 2.873086 1.516137
1.883201 2.906951 1.529063
1.890915 2.873086 1.516137
2.005895 2.873086 1.516137
1.998182 2.906951 1.529063
1.876498 2.953475 1.540296
1.883201 2.906951 1.529063
1.998182 2.906951 1.529063
1.991478 2.953475 1.540296
1.87398 3.000001 1.544516
1.876498 2.953475 1.540296
1.991478 2.953475 1.540296
1.988961 3.000001 1.544515
2 2.85 3.4998
1.900504 2.85 3.4998
1.900504 2.85 2.499934
2 2.85 2.499934
1.900504 2.85 2.499934
1.890914 2.873086 2.483864
2.005895 2.873086 2.483863
2.015484 2.85 2.499933
1.890914 2.873086 2.483864
1.883201 2.906951 2.470938
1.998181 2.906951 2.470937
2.005895 2.873086 2.483863
1.883201 2.906951 2.470938
1.876498 2.953475 2.459705
1.991478 2.953475 2.459704
1.998181 2.906951 2.470937
1.876498 2.953475 2.459705
1.87398 3.000001 2.455486
1.988961 3.000001 2.455485
1.991478 2.953475 2.459704
2.005895 2.873086 1.516137
2.015484 2.85 1.500067
2.015484 2.85 2.499933
2.005895 2.873086 2.483863
1.998182 2.906951 1.529063
1.998181 2.906951 2.470937
1.991478 2.953475 1.540296
1.991478 2.953475 2.459704
1.988961 3.000001 1.544515
1.988961 3.000001 2.455485
1.462907 3 0.358874
1.366456 3 0.12602
1.379114 2.953475 0.123502
1.473638 2.953475 0.351704
1.412812 2.906951 0.116799
1.648296 2.953476 0.526363
1.641126 3.000001 0.537094
1.502206 2.906951 0.332615
1.45159 2.873086 0.109086
1.876498 2.953476 0.620887
1.87398 3.000001 0.633545
1.883201 2.906951 0.587189
1.667385 2.906951 0.497795
1.890915 2.873087 0.548411
1.689351 2.873087 0.464921
1.900504 2.850001 0.500202
1.535081 2.873086 0.310649
1.4998 2.85 0.099496
1.716659 2.850001 0.424051
1.575951 2.85 0.283341
1.900504 0.15 0.500202
1.716659 0.15 0.424051
2 0.15 0.500202
2 2.850001 0.500202
1.890915 0.126914 0.548411
2 0.126914 0.548411
1.689351 0.126914 0.464921
1.883201 0.093049 0.587189
2 0.093049 0.587189
1.667385 0.093049 0.497795
1.876498 0.046525 0.620887
2 0.046525 0.620887
1.87398 0 0.633545
2 0 0.633545
1.641126 0 0.537094
1.648296 0.046525 0.526363
1.462907 0 0.358874
1.473638 0.046525 0.351704
1.502206 0.09305 0.332615
1.379114 0.046525 0.123502
1.366456 0 0.12602
1.379114 0.046525 0
1.366456 0 0
1.412812 0.09305 0
1.412812 0.09305 0.116799
1.45159 0.126914 0
1.45159 0.126914 0.109086
1.4998 0.15 0
1.535081 0.126914 0.310649
1.4998 0.15 0.099496
1.575951 0.15 0.283341
1.4998 2.85 0
-1.366455 0 0.12602
-1.366455 0 0
-1.379113 0.046525 0
-1.379113 0.046525 0.123502
-1.462906 0 0.358874
-1.412811 0.093049 0
-1.473637 0.046525 0.351704
-1.641125 0 0.537093
-1.412811 0.093049 0.116799
-1.451589 0.126914 0
-1.648295 0.046525 0.526362
-1.873979 0 0.633544
-1.502205 0.093049 0.332615
-1.451589 0.126914 0.109085
-1.499798 0.15 0
-1.876497 0.046525 0.620886
-1.999999 0 0.633544
-1.999999 0.046525 0.620886
-1.667384 0.093049 0.497794
-1.8832 0.093049 0.587188
-1.999999 0.093049 0.587188
-1.535079 0.126914 0.310649
-1.499798 0.15 0.099496
-1.890913 0.126914 0.54841
-1.999999 0.126914 0.54841
-1.68935 0.126914 0.46492
-1.900503 0.15 0.500201
-1.999999 0.15 0.500201
-1.999999 2.850001 0.500201
-1.575949 0.15 0.283341
-1.716658 0.15 0.42405
-1.900503 2.850001 0.500201
-1.999999 2.873087 0.54841
-1.716658 2.850001 0.42405
-1.890913 2.873087 0.54841
-1.999999 2.906951 0.587188
-1.575949 2.850001 0.283341
-1.8832 2.906951 0.587188
-1.999999 2.953476 0.620886
-1.68935 2.873087 0.46492
-1.499798 2.850001 0.099496
-1.499798 2.850001 0
-1.535079 2.873087 0.310649
-1.451589 2.873087 0.109085
-1.876497 2.953476 0.620886
-1.999999 3.000001 0.633544
-1.873979 3.000001 0.633544
-1.667384 2.906951 0.497794
-1.502205 2.906951 0.332615
-1.412811 2.906951 0.116799
-1.648295 2.953476 0.526362
-1.641125 3.000001 0.537093
-1.473637 2.953476 0.351704
-1.379113 2.953476 0.123502
-1.462906 3.000001 0.358874
-1.366455 3.000001 0.12602
1 0 -0.15
1 0 0
1 1.8 0
1 1.8 -0.15
0.980785 1.99509 0
0.980785 1.99509 -0.15
0.92388 2.182683 0
0.92388 2.182683 -0.15
0.83147 2.35557 0
0.83147 2.35557 -0.15
0.707107 2.507107 0
0.707107 2.507107 -0.15
0.55557 2.631469 0
0.55557 2.631469 -0.15
0.382683 2.723879 0
0.382683 2.723879 -0.15
0.19509 2.780785 0
0.19509 2.780785 -0.15
0 2.8 0
0 2.8 -0.15
-0.195089 2.780786 0
-0.195089 2.780786 -0.15
-0.382682 2.72388 0
-0.382682 2.72388 -0.15
-0.555569 2.63147 0
-0.555569 2.63147 -0.15
-0.707106 2.507108 0
-0.707106 2.507108 -0.15
-0.831469 2.355571 0
-0.831469 2.355571 -0.15
-0.923879 2.182684 0
-0.923879 2.182684 -0.15
-0.980785 1.995091 0
-0.980785 1.995091 -0.15
-1 1.800001 0
-1 1.800001 -0.15
-1 1.8 0
-1 1.8 -0.15
-1 0 0
-1 0 -0.15
0.499934 2.85 0.099496
1.4998 2.85 0.099496
1.45159 2.873086 0.109086
0.483864 2.873086 0.109085
1.412812 2.906951 0.116799
0.470938 2.906951 0.116799
1.379114 2.953475 0.123502
0.459705 2.953475 0.123502
1.366456 3 0.12602
0.455486 3.000001 0.12602
-1.379113 2.953476 0.123502
-0.455484 3.000001 0.12602
-1.366455 3.000001 0.12602
-0.459704 2.953475 0.123502
-1.412811 2.906951 0.116799
-0.470937 2.906951 0.116799
-1.451589 2.873087 0.109085
-0.483863 2.873086 0.109085
-1.499798 2.850001 0.099496
-0.499932 2.85 0.099496
1.641126 3 3.462907
1.87398 3 3.366456
1.876498 2.953475 3.379114
1.648296 2.953475 3.473638
1.462907 3 3.641126
1.883201 2.906951 3.412812
1.473638 2.953475 3.648296
1.366456 3 3.873981
1.667385 2.906951 3.502206
1.890914 2.873086 3.45159
1.379114 2.953475 3.876498
1.366456 3 4
1.379114 2.953475 4
1.502206 2.906951 3.667385
1.689351 2.873086 3.535081
1.900504 2.85 3.4998
1.412812 2.906951 3.883201
1.412812 2.906951 4
1.53508 2.873086 3.689351
1.45159 2.873086 3.890915
1.45159 2.873086 4
1.716659 2.85 3.575951
1.499799 2.85 3.900504
1.499799 2.85 4
1.57595 2.85 3.716659
1.499799 0.15 3.900504
1.499799 0.15 4
1.45159 0.126914 4
1.57595 0.15 3.716659
1.45159 0.126914 3.890915
1.412812 0.09305 4
1.716659 0.15 3.575951
1.900504 0.15 3.4998
1.412812 0.09305 3.883201
1.379114 0.046525 4
1.53508 0.126914 3.689351
1.379114 0.046525 3.876498
1.366456 0 4
1.366456 0 3.873981
1.689351 0.126914 3.535081
1.502206 0.09305 3.667385
1.473638 0.046525 3.648296
1.462907 0 3.641126
1.667385 0.09305 3.502206
1.648296 0.046525 3.473638
1.641126 0 3.462907
1.890914 0.126914 3.45159
1.883201 0.09305 3.412812
1.876498 0.046525 3.379114
1.87398 0 3.366456
2 0.046525 3.379114
2 0 3.366456
2 0.09305 3.412812
2 0.126914 3.45159
2 0.15 3.4998
2 2.85 3.4998
2.15 1.8 3
2 1.8 3
2 1.99509 2.980785
2.15 1.99509 2.980785
2 2.182683 2.92388
2.15 2.182683 2.92388
2 2.35557 2.83147
2.15 2.35557 2.83147
2 2.507107 2.707107
2.15 2.507107 2.707107
2 2.631469 2.55557
2.15 2.631469 2.55557
2 2.723879 2.382684
2.15 2.723879 2.382684
2 2.780785 2.19509
2.15 2.780785 2.19509
2 2.8 2
2.15 2.8 2
2 2.780786 1.804911
2.15 2.780786 1.804911
2 2.72388 1.617318
2.15 2.72388 1.617318
2 2.63147 1.444431
2.15 2.63147 1.444431
2 2.507108 1.292894
2.15 2.507108 1.292894
2 2.355571 1.168531
2.15 2.355571 1.168531
2 2.182684 1.076121
2.15 2.182684 1.076121
2 1.995091 1.019215
2.15 1.995091 1.019215
2 1.800001 1
2.15 1.800001 1
2 1.8 1
2.15 1.8 1
2 0 1
2.15 0 1
2.15 0 3
2 0 3
2 1.8 3
2.15 1.8 3
1.900504 2.85 2.499934
1.900504 2.85 3.4998
1.890914 2.873086 3.45159
1.890914 2.873086 2.483864
1.883201 2.906951 3.412812
1.883201 2.906951 2.470938
1.876498 2.953475 3.379114
1.876498 2.953475 2.459705
1.87398 3 3.366456
1.87398 3.000001 2.455486
1.876498 2.953476 0.620887
1.87398 3.000001 1.544516
1.87398 3.000001 0.633545
1.876498 2.953475 1.540296
1.883201 2.906951 0.587189
1.883201 2.906951 1.529063
1.890915 2.873087 0.548411
1.890915 2.873086 1.516137
1.900504 2.850001 0.500202
1.900504 2.85 1.500068

Normals:

0 1 0
0 1 0
0 1 0
0 1 0
0 0 1
0 0 1
0 0 1
0 0 1
0 0 1
0 0 1
0 0 1
0 0 1
0 0 1
0 0 1
0 0 1
0 0 1
0 0 1
0 0 1
0 0 1
0 0 1
0 0 1
0 0 1
0 0 1
0 0 1
0 -1 0
0 -1 0
0 -1 0
0 -1 0
0 0 1
0 0 1
0 0 1
0 0 1
0 0 1
0 0 1
0 0 1
0 0 1
0 0 1
0 0 1
0 0 1
0 0 1
0 0 1
0 0 1
0 0 1
0 0 1
0 0 1
0 0 1
0 0 1
0 0 1
0 0 1
0 0 1
0 0 1
0 0 1
0 0 1
0 0 1
0 0 1
0 0 1
0 0 1
0 0 1
0 0 1
0 0 1
0 0 1
0 0 1
0.8207278 -0.5713194 0
0.8207278 -0.5713194 0
0.8207278 -0.5713194 0
0.8207278 -0.5713194 0
0.9342626 -0.3565857 0
0.9342626 -0.3565857 0
0.9342626 -0.3565857 0
0.9342626 -0.3565857 0
0.9720696 -0.2346926 0
0.9720696 -0.2346926 0
0.9720696 -0.2346926 0
0.9720696 -0.2346926 0
0.9959145 -0.09030132 0
0.9959145 -0.09030132 0
0.9959145 -0.09030132 0
0.9959145 -0.09030132 0
0 -1 0
0 -1 0
0 -1 0
0 -1 0
-0.8207278 -0.5713194 0
-0.8207278 -0.5713194 0
-0.8207278 -0.5713194 0
-0.8207278 -0.5713194 0
-0.9342626 -0.3565857 0
-0.9342626 -0.3565857 0
-0.9342626 -0.3565857 0
-0.9342626 -0.3565857 0
-0.9720696 -0.2346926 0
-0.9720696 -0.2346926 0
-0.9720696 -0.2346926 0
-0.9720696 -0.2346926 0
-0.9959145 -0.09030132 0
-0.9959145 -0.09030132 0
-0.9959145 -0.09030132 0
-0.9959145 -0.09030132 0
0 -0.1770019 0.9842105
0 -0.1770019 0.9842105
0 -0.1770019 0.9842105
0 -0.1770019 0.9842105
0 -0.1770019 0.9842105
0 -0.1770019 0.9842105
0 -0.1770019 0.9842105
0 -0.1770019 0.9842105
0 -0.1770019 0.9842105
0 -0.1770019 0.9842105
0 1 0
0 1 0
0 1 0
0 1 0
-1 0 0
-1 0 0
-1 0 0
-1 0 0
-1 0 0
-1 0 0
-1 0 0
-1 0 0
-1 0 0
-1 0 0
-1 0 0
-1 0 0
-1 0 0
-1 0 0
-1 0 0
-1 0 0
-1 0 0
-1 0 0
-1 0 0
-1 0 0
0 -1 0
0 -1 0
0 -1 0
0 -1 0
-1 0 0
-1 0 0
-1 0 0
-1 0 0
-1 0 0
-1 0 0
-1 0 0
-1 0 0
-1 0 0
-1 0 0
-1 0 0
-1 0 0
-1 0 0
-1 0 0
-1 0 0
-1 0 0
-1 0 0
-1 0 0
-1 0 0
-1 0 0
-1 0 0
-1 0 0
-1 0 0
-1 0 0
-1 0 0
-1 0 0
-1 0 0
-1 0 0
-1 0 0
-1 0 0
-1 0 0
-1 0 0
-1 0 0
-1 0 0
0 -0.5713194 0.8207278
0 -0.5713194 0.8207278
0 -0.5713194 0.8207278
0 -0.5713194 0.8207278
0 -0.3565857 0.9342626
0 -0.3565857 0.9342626
0 -0.3565857 0.9342626
0 -0.3565857 0.9342626
0 -0.2346926 0.9720696
0 -0.2346926 0.9720696
0 -0.2346926 0.9720696
0 -0.2346926 0.9720696
0 -0.09030132 0.9959145
0 -0.09030132 0.9959145
0 -0.09030132 0.9959145
0 -0.09030132 0.9959145
0 -1 0
0 -1 0
0 -1 0
0 -1 0
0 -0.5713194 -0.8207278
0 -0.5713194 -0.8207278
0 -0.5713194 -0.8207278
0 -0.5713194 -0.8207278
0 -0.3565857 -0.9342626
0 -0.3565857 -0.9342626
0 -0.3565857 -0.9342626
0 -0.3565857 -0.9342626
0 -0.2346926 -0.9720696
0 -0.2346926 -0.9720696
0 -0.2346926 -0.9720696
0 -0.2346926 -0.9720696
0 -0.09030132 -0.9959145
0 -0.09030132 -0.9959145
0 -0.09030132 -0.9959145
0 -0.09030132 -0.9959145
-0.9842105 -0.1770019 0
-0.9842105 -0.1770019 0
-0.9842105 -0.1770019 0
-0.9842105 -0.1770019 0
-0.9842105 -0.1770019 0
-0.9842105 -0.1770019 0
-0.9842105 -0.1770019 0
-0.9842105 -0.1770019 0
-0.9842105 -0.1770019 0
-0.9842105 -0.1770019 0
-0.8012333 -0.2673111 0.5353223
-0.4843343 -0.1781126 0.8565607
-0.4655092 -0.305306 0.8307163
-0.7509178 -0.4293102 0.5018119
-0.3923108 -0.5039139 0.7695212
-0.5018119 -0.4293102 0.7509178
-0.5353223 -0.2673111 0.8012333
-0.6140968 -0.6741965 0.4102978
-0.2865026 -0.668506 0.6863061
-0.8307163 -0.305306 0.4655092
-0.8565607 -0.1781126 0.4843343
-0.7695212 -0.5039139 0.3923108
-0.4102978 -0.6741965 0.6140968
-0.6863061 -0.668506 0.2865026
-0.3079975 -0.8322933 0.4608963
-0.2577146 -0.6446366 0.7197408
-0.4608963 -0.8322933 0.3079975
-0.7197408 -0.6446366 0.2577146
-0.4569975 -0.568597 0.6839963
-0.6839963 -0.568597 0.4569975
-0.1605006 0.5686021 0.806803
-0.4569975 0.568597 0.6839963
-0.6045313 0.4245219 0.6740349
-0.5773503 -0.5773503 0.5773503
-0.108099 0.8322923 0.5436949
-0.6779265 0.614024 0.4042158
-0.3079975 0.8322933 0.4608963
-0.1440953 0.6741779 0.7243762
-0.6826095 0.4927069 0.5397074
-0.4102978 0.6741965 0.6140968
-0.1762012 0.4293029 0.885806
-0.66883 0.3208144 0.67063
-0.1879993 0.267299 0.9450966
-0.7599257 0.1706058 0.6272213
-0.5353223 0.2673111 0.8012333
-0.5018119 0.4293102 0.7509178
-0.8012333 0.2673111 0.5353223
-0.7509178 0.4293102 0.5018119
-0.6140968 0.6741965 0.4102978
-0.885806 0.4293029 0.1762012
-0.9450966 0.267299 0.1879993
-0.67063 0.3208144 0.66883
-0.6272213 0.1706058 0.7599257
-0.5397074 0.4927069 0.6826095
-0.7243762 0.6741779 0.1440953
-0.4042158 0.614024 0.6779265
-0.5436949 0.8322923 0.108099
-0.6740349 0.4245219 0.6045313
-0.4608963 0.8322933 0.3079975
-0.806803 0.5686021 0.1605006
-0.6839963 0.568597 0.4569975
-0.5773503 -0.5773503 0.5773503
0.9450966 0.267299 0.1879993
0.6272213 0.1706058 0.7599257
0.67063 0.3208144 0.66883
0.885806 0.4293029 0.1762012
0.8012333 0.2673111 0.5353223
0.5397074 0.4927069 0.6826095
0.7509178 0.4293102 0.5018119
0.5353223 0.2673111 0.8012333
0.7243762 0.6741779 0.1440953
0.4042158 0.614024 0.6779265
0.5018119 0.4293102 0.7509178
0.1879993 0.267299 0.9450966
0.6140968 0.6741965 0.4102978
0.5436949 0.8322923 0.108099
0.6740349 0.4245219 0.6045313
0.1762012 0.4293029 0.885806
0 0.2625081 0.9649298
0 0.4315864 0.9020717
0.4102978 0.6741965 0.6140968
0.1440953 0.6741779 0.7243762
0 0.6742243 0.7385266
0.4608963 0.8322933 0.3079975
0.806803 0.5686021 0.1605006
0.108099 0.8322923 0.5436949
0 0.8352212 0.549914
0.3079975 0.8322933 0.4608963
0.1605006 0.5686021 0.806803
0 0.5329353 0.846156
0 -0.5329353 0.846156
0.6839963 0.568597 0.4569975
0.4569975 0.568597 0.6839963
0.1605006 -0.5686021 0.806803
0 -0.8352212 0.549914
0.4569975 -0.568597 0.6839963
0.108099 -0.8322923 0.5436949
0 -0.6742243 0.7385266
0.6839963 -0.568597 0.4569975
0.1440953 -0.6741779 0.7243762
0 -0.4315864 0.9020717
0.3079975 -0.8322933 0.4608963
0.7197408 -0.6446366 0.2577146
0.5773503 -0.5773503 0.5773503
0.4608963 -0.8322933 0.3079975
0.2865026 -0.668506 0.6863061
0.1762012 -0.4293029 0.885806
0 -0.2625081 0.9649298
0.1879993 -0.267299 0.9450966
0.4102978 -0.6741965 0.6140968
0.6140968 -0.6741965 0.4102978
0.3923108 -0.5039139 0.7695212
0.5018119 -0.4293102 0.7509178
0.5353223 -0.2673111 0.8012333
0.7509178 -0.4293102 0.5018119
0.4655092 -0.305306 0.8307163
0.8012333 -0.2673111 0.5353223
0.4843343 -0.1781126 0.8565607
-0.4472136 0 0.8944272
-0.4472136 0 0.8944272
-0.6481068 0.1993021 0.7350076
-0.6481068 0.1993021 0.7350076
-0.6918283 -0.1376056 0.708829
-0.6918283 -0.1376056 0.708829
-0.6517143 -0.2699059 0.7088155
-0.6517143 -0.2699059 0.7088155
-0.5865101 -0.3919068 0.7088123
-0.5865101 -0.3919068 0.7088123
-0.4987999 -0.4987999 0.7087998
-0.4987999 -0.4987999 0.7087998
-0.3919068 -0.5865101 0.7088123
-0.3919068 -0.5865101 0.7088123
-0.2699059 -0.6517143 0.7088155
-0.2699059 -0.6517143 0.7088155
-0.1376056 -0.6918283 0.708829
-0.1376056 -0.6918283 0.708829
0 -0.7054048 0.7088048
0 -0.7054048 0.7088048
0.1376056 -0.6918283 0.708829
0.1376056 -0.6918283 0.708829
0.2699059 -0.6517143 0.7088155
0.2699059 -0.6517143 0.7088155
0.3919068 -0.5865101 0.7088123
0.3919068 -0.5865101 0.7088123
0.4987999 -0.4987999 0.7087998
0.4987999 -0.4987999 0.7087998
0.5865101 -0.3919068 0.7088123
0.5865101 -0.3919068 0.7088123
0.6517143 -0.2699059 0.7088155
0.6517143 -0.2699059 0.7088155
0.6918283 -0.1376056 0.708829
0.6918283 -0.1376056 0.708829
0.705303 0.002000009 0.7089031
0.705303 0.002000009 0.7089031
0.7056296 0.03670154 0.7076297
0.7056296 0.03670154 0.7076297
0.4472136 0 0.8944272
0.4472136 0 0.8944272
-0.3630088 -0.8099196 0.4607112
-0.7197408 -0.6446366 0.2577146
-0.2865026 -0.668506 0.6863061
-0.6045116 -0.4858093 0.6313121
-0.3923108 -0.5039139 0.7695212
-0.6655399 -0.3207192 0.6739404
-0.4655092 -0.305306 0.8307163
-0.6991962 -0.1772991 0.6925963
-0.4843343 -0.1781126 0.8565607
-0.71102 -0.1021029 0.6957195
0.4655092 -0.305306 0.8307163
0.71102 -0.1021029 0.6957195
0.4843343 -0.1781126 0.8565607
0.6991962 -0.1772991 0.6925963
0.3923108 -0.5039139 0.7695212
0.6655399 -0.3207192 0.6739404
0.2865026 -0.668506 0.6863061
0.6045116 -0.4858093 0.6313121
0.7197408 -0.6446366 0.2577146
0.3630088 -0.8099196 0.4607112
-0.5353223 -0.2673111 -0.8012333
-0.8565607 -0.1781126 -0.4843343
-0.8307163 -0.305306 -0.4655092
-0.5018119 -0.4293102 -0.7509178
-0.8012333 -0.2673111 -0.5353223
-0.7695212 -0.5039139 -0.3923108
-0.7509178 -0.4293102 -0.5018119
-0.9450966 -0.267299 -0.1879993
-0.4102978 -0.6741965 -0.6140968
-0.6863061 -0.668506 -0.2865026
-0.885806 -0.4293029 -0.1762012
-0.9649298 -0.2625081 0
-0.9020717 -0.4315864 0
-0.6140968 -0.6741965 -0.4102978
-0.3079975 -0.8322933 -0.4608963
-0.2577146 -0.6446366 -0.7197408
-0.7243762 -0.6741779 -0.1440953
-0.7385266 -0.6742243 0
-0.4608963 -0.8322933 -0.3079975
-0.5436949 -0.8322923 -0.108099
-0.549914 -0.8352212 0
-0.4569975 -0.568597 -0.6839963
-0.806803 -0.5686021 -0.1605006
-0.846156 -0.5329353 0
-0.6839963 -0.568597 -0.4569975
-0.806803 0.5686021 -0.1605006
-0.846156 0.5329353 0
-0.549914 0.8352212 0
-0.6839963 0.568597 -0.4569975
-0.5436949 0.8322923 -0.108099
-0.7385266 0.6742243 0
-0.4569975 0.568597 -0.6839963
-0.1605006 0.5686021 -0.806803
-0.7243762 0.6741779 -0.1440953
-0.9020717 0.4315864 0
-0.4608963 0.8322933 -0.3079975
-0.885806 0.4293029 -0.1762012
-0.9649298 0.2625081 0
-0.9450966 0.267299 -0.1879993
-0.3079975 0.8322933 -0.4608963
-0.6140968 0.6741965 -0.4102978
-0.7509178 0.4293102 -0.5018119
-0.8012333 0.2673111 -0.5353223
-0.4102978 0.6741965 -0.6140968
-0.5018119 0.4293102 -0.7509178
-0.5353223 0.2673111 -0.8012333
-0.108099 0.8322923 -0.5436949
-0.1440953 0.6741779 -0.7243762
-0.1762012 0.4293029 -0.885806
-0.1879993 0.267299 -0.9450966
-0.66883 0.3208144 -0.67063
-0.7599257 0.1706058 -0.6272213
-0.6826095 0.4927069 -0.5397074
-0.6779265 0.614024 -0.4042158
-0.6045313 0.4245219 -0.6740349
-0.5773503 -0.5773503 -0.5773503
0 -0.04880042 0.9988085
0 -0.04880042 0.9988085
0 -0.9924933 0.1222992
0 -0.9924933 0.1222992
0 -0.9783595 0.2069126
0 -0.9783595 0.2069126
0 -0.9545974 0.2978992
0 -0.9545974 0.2978992
0 -0.9216505 0.3880213
0 -0.9216505 0.3880213
0 -0.8797766 0.4753874
0 -0.8797766 0.4753874
0 -0.8294719 0.5585485
0 -0.8294719 0.5585485
0 -0.771156 0.6366463
0 -0.771156 0.6366463
0 -0.7054048 0.7088048
0 -0.7054048 0.7088048
0 -0.6328074 0.7743091
0 -0.6328074 0.7743091
0 -0.5541924 0.8323886
0 -0.5541924 0.8323886
0 -0.4702249 0.8825466
0 -0.4702249 0.8825466
0 -0.3817806 0.924253
0 -0.3817806 0.924253
0 -0.2895856 0.9571522
0 -0.2895856 0.9571522
0 -0.1945967 0.9808834
0 -0.1945967 0.9808834
0 -0.09780058 0.9952059
0 -0.09780058 0.9952059
0 -0.0245 0.9996998
0 -0.0245 0.9996998
0 0 1
0 0 1
0 0 1
0 0 1
0 0 1
0 0 1
0 0 1
0 0 1
-0.4607112 -0.8099196 -0.3630088
-0.2577146 -0.6446366 -0.7197408
-0.6863061 -0.668506 -0.2865026
-0.6313121 -0.4858093 -0.6045116
-0.7695212 -0.5039139 -0.3923108
-0.6739404 -0.3207192 -0.6655399
-0.8307163 -0.305306 -0.4655092
-0.6925963 -0.1772991 -0.6991962
-0.8565607 -0.1781126 -0.4843343
-0.6957195 -0.1021029 -0.71102
-0.8307163 -0.305306 0.4655092
-0.6957195 -0.1021029 0.71102
-0.8565607 -0.1781126 0.4843343
-0.6925963 -0.1772991 0.6991962
-0.7695212 -0.5039139 0.3923108
-0.6739404 -0.3207192 0.6655399
-0.6863061 -0.668506 0.2865026
-0.6313121 -0.4858093 0.6045116
-0.2577146 -0.6446366 0.7197408
-0.4607112 -0.8099196 0.3630088

UVs:

0.250014 0.962801
0.749986 0.962801
0.749986 1.000299
0.250014 1.000299
0.25 1
0.75 0.55
0.75 1
0.25 0.55
0.745196 0.501227
0.75 0.55
0.73097 0.454329
0.707867 0.411107
0.676777 0.373223
0.638892 0.342133
0.595671 0.31903
0.548772 0.304804
0.5 0.3
0.451228 0.304804
0.404329 0.31903
0.361108 0.342133
0.323223 0.373223
0.292133 0.411108
0.26903 0.454329
0.254804 0.501228
0.356891 0.995482
0.356891 0.960587
0.006218 0.960587
0.006218 0.995483
0.137103 0.968271
0.12505 0.9625
0.12505 0.2875
0.146797 0.976737
0.155222 0.988369
0.158386 1
0.25 1
0.25 0.55
0.254804 0.501228
0.26903 0.454329
0.292133 0.411108
0.323223 0.373223
0.361108 0.342133
0.375017 0.2875
0.404329 0.31903
0.451228 0.304804
0.5 0.3
0.548772 0.304804
0.624983 0.2875
0.595671 0.31903
0.638892 0.342133
0.676777 0.373223
0.707867 0.411107
0.87495 0.2875
0.73097 0.454329
0.745196 0.501227
0.87495 0.9625
0.862898 0.968271
0.853203 0.976738
0.844778 0.988369
0.841614 1
0.75 0.55
0.75 1
0.75 0.55
0.620966 0.281729
0.624983 0.2875
0.624983 0.2875
0.620966 0.281729
0.617734 0.273262
0.620966 0.281729
0.620966 0.281729
0.617734 0.273262
0.614926 0.261631
0.617734 0.273262
0.617734 0.273262
0.614926 0.261631
0.613871 0.25
0.614926 0.261631
0.614926 0.261631
0.613871 0.25
0.006218 0.960543
0.041113 0.960543
0.041113 0.60987
0.006218 0.60987
0.375017 0.2875
0.379034 0.281729
0.379034 0.281729
0.375017 0.2875
0.379034 0.281729
0.382266 0.273263
0.382266 0.273263
0.379034 0.281729
0.382266 0.273263
0.385074 0.261631
0.385074 0.261631
0.382266 0.273263
0.385074 0.261631
0.386129 0.25
0.386129 0.25
0.385074 0.261631
0.620966 0.281729
0.624983 0.2875
0.375017 0.2875
0.617734 0.273262
0.614926 0.261631
0.613871 0.25
0.379034 0.281729
0.382266 0.273263
0.385074 0.261631
0.386129 0.25
0.250014 0.962801
0.749986 0.962801
0.749986 1.000299
0.250014 1.000299
0.25 1
0.75 0.55
0.75 1
0.25 0.55
0.75 0.55
0.254804 0.501228
0.745196 0.501227
0.26903 0.454329
0.73097 0.454329
0.292133 0.411108
0.707867 0.411107
0.323223 0.373223
0.676777 0.373223
0.361108 0.342133
0.638892 0.342133
0.404329 0.31903
0.595671 0.31903
0.451228 0.304804
0.548772 0.304804
0.5 0.3
0.356891 0.995482
0.356891 0.960587
0.006218 0.960587
0.006218 0.995483
0.844778 0.988369
0.841614 1
0.75 1
0.75 0.55
0.853203 0.976738
0.862898 0.968271
0.87495 0.9625
0.87495 0.2875
0.75 0.55
0.745196 0.501227
0.73097 0.454329
0.707867 0.411107
0.676777 0.373223
0.638892 0.342133
0.595671 0.31903
0.548772 0.304804
0.5 0.3
0.624983 0.2875
0.12505 0.2875
0.375017 0.2875
0.451228 0.304804
0.404329 0.31903
0.361108 0.342133
0.323223 0.373223
0.292133 0.411108
0.26903 0.454329
0.254804 0.501228
0.25 0.55
0.12505 0.9625
0.137103 0.968271
0.146797 0.976737
0.155222 0.988369
0.158386 1
0.25 1
0.620966 0.281729
0.624983 0.2875
0.624983 0.2875
0.620966 0.281729
0.617734 0.273262
0.620966 0.281729
0.620966 0.281729
0.617734 0.273262
0.614926 0.261631
0.617734 0.273262
0.617734 0.273262
0.614926 0.261631
0.613871 0.25
0.614926 0.261631
0.614926 0.261631
0.613871 0.25
0.006218 0.960543
0.041113 0.960543
0.041113 0.60987
0.006218 0.60987
0.375017 0.2875
0.379034 0.281729
0.379034 0.281729
0.375017 0.2875
0.379034 0.281729
0.382266 0.273263
0.382266 0.273263
0.379034 0.281729
0.382266 0.273263
0.385074 0.261631
0.385074 0.261631
0.382266 0.273263
0.385074 0.261631
0.386129 0.25
0.386129 0.25
0.385074 0.261631
0.620966 0.281729
0.624983 0.2875
0.375017 0.2875
0.379034 0.281729
0.617734 0.273262
0.382266 0.273263
0.614926 0.261631
0.385074 0.261631
0.613871 0.25
0.386129 0.25
0.005571 0.905271
0.02191 0.974685
0.035242 0.970769
0.019136 0.903199
0.050726 0.965054
0.019136 0.814998
0.005571 0.812926
0.035278 0.900733
0.064492 0.959489
0.035241 0.747428
0.02191 0.743512
0.050726 0.753143
0.035278 0.817465
0.064492 0.758708
0.05009 0.81974
0.078007 0.764384
0.05009 0.898457
0.078007 0.953813
0.065722 0.822236
0.065722 0.89596
0.931162 0.764203
0.937723 0.827356
0.924835 0.734109
0.078022 0.734797
0.94723 0.761127
0.938847 0.730805
0.954206 0.826128
0.962057 0.75835
0.952808 0.726764
0.969598 0.825166
0.978054 0.7553
0.968449 0.722089
0.99149 0.752663
0.981771 0.718252
0.999947 0.823393
0.98623 0.824178
0.999947 0.894804
0.98623 0.894019
0.969598 0.893031
0.978054 0.962898
0.99149 0.965535
0.968449 0.996109
0.981771 0.999947
0.952807 0.991435
0.962057 0.959847
0.938846 0.987393
0.94723 0.957071
0.924834 0.98409
0.954205 0.892069
0.931162 0.953994
0.937723 0.890841
0.078022 0.9834
0.99149 0.752663
0.981771 0.718252
0.968449 0.722089
0.978054 0.7553
0.999947 0.823393
0.952808 0.726764
0.98623 0.824178
0.999947 0.894511
0.962057 0.75835
0.938847 0.730805
0.986215 0.893631
0.991257 0.965521
0.969598 0.825166
0.94723 0.761127
0.924835 0.734109
0.977951 0.962773
0.981226 0.999947
0.967906 0.995992
0.969576 0.892587
0.961819 0.959513
0.952205 0.991155
0.954206 0.826128
0.931162 0.764203
0.946901 0.956607
0.938183 0.986932
0.954191 0.891691
0.930334 0.953574
0.92406 0.983407
0.072321 0.977743
0.937723 0.827356
0.937702 0.890942
0.066989 0.946821
0.05762 0.980677
0.062188 0.884052
0.05009 0.949241
0.043058 0.984251
0.065722 0.822236
0.034847 0.951483
0.02679 0.988318
0.045847 0.883911
0.078007 0.764384
0.078022 0.734797
0.05009 0.81974
0.064492 0.758708
0.01834 0.953948
0.013011 0.991606
0.004708 0.955995
0.030523 0.883904
0.035278 0.817465
0.050726 0.753143
0.013867 0.883903
5.3E-05 0.88388
0.019136 0.814998
0.035241 0.747428
0.005571 0.812926
0.02191 0.743512
1.8E-05 1.502037E-05
0.02227 1.502037E-05
0.02227 0.267427
2.2E-05 0.267427
0.02227 0.296504
2.1E-05 0.296503
0.022269 0.32558
2.1E-05 0.32558
0.022269 0.354657
2E-05 0.354656
0.022269 0.383733
2E-05 0.383733
0.022268 0.41281
2E-05 0.41281
0.022268 0.441887
1.9E-05 0.441886
0.022267 0.470963
1.9E-05 0.470963
0.022267 0.50004
1.8E-05 0.500039
0.022266 0.529116
1.8E-05 0.529116
0.022266 0.558193
1.7E-05 0.558192
0.022266 0.587269
1.7E-05 0.587269
0.022265 0.616346
1.7E-05 0.616346
0.022265 0.645423
1.6E-05 0.645422
0.022264 0.674499
1.6E-05 0.674499
0.022264 0.703576
1.5E-05 0.703576
0.022264 0.732653
1.5E-05 0.732652
0.022267 0.733041
2.2E-05 0.73304
0.022263 0.999985
1.7E-05 0.999985
0.375017 0.2875
0.12505 0.2875
0.137103 0.281729
0.379034 0.281729
0.146797 0.273263
0.382266 0.273263
0.155222 0.261631
0.385074 0.261631
0.158386 0.25
0.386129 0.25
0.844778 0.261631
0.613871 0.25
0.841614 0.25
0.614926 0.261631
0.853203 0.273262
0.617734 0.273262
0.862898 0.281729
0.620966 0.281729
0.87495 0.2875
0.624983 0.2875
0.005571 0.905271
0.02191 0.974685
0.035242 0.970769
0.019136 0.903199
5.3E-05 0.834317
0.050726 0.965054
0.013867 0.834294
0.004708 0.762202
0.035278 0.900733
0.064492 0.959489
0.01834 0.764249
0.01301 0.726592
0.026789 0.729879
0.030523 0.834293
0.05009 0.898457
0.078007 0.953813
0.034846 0.766714
0.043058 0.733946
0.045846 0.834286
0.05009 0.768956
0.05762 0.73752
0.065722 0.89596
0.066989 0.771376
0.07232 0.740455
0.062188 0.834145
0.930333 0.764622
0.924059 0.734788
0.938183 0.731264
0.937702 0.827255
0.946901 0.761589
0.952204 0.727041
0.937723 0.890841
0.931162 0.953994
0.961819 0.758683
0.967906 0.722203
0.95419 0.826505
0.977951 0.755423
0.981226 0.718248
0.991257 0.752675
0.954205 0.892069
0.969575 0.825609
0.986215 0.824566
0.999947 0.823685
0.969598 0.893031
0.98623 0.894019
0.999947 0.894804
0.94723 0.957071
0.962057 0.959847
0.978054 0.962898
0.99149 0.965535
0.968449 0.996109
0.981771 0.999947
0.952807 0.991435
0.938846 0.987393
0.924834 0.98409
0.078022 0.9834
2.2E-05 0.267427
0.02227 0.267427
0.02227 0.296504
2.1E-05 0.296503
0.022269 0.32558
2.1E-05 0.32558
0.022269 0.354657
2E-05 0.354656
0.022269 0.383733
2E-05 0.383733
0.022268 0.41281
2E-05 0.41281
0.022268 0.441887
1.9E-05 0.441886
0.022267 0.470963
1.9E-05 0.470963
0.022267 0.50004
1.8E-05 0.500039
0.022266 0.529116
1.8E-05 0.529116
0.022266 0.558193
1.7E-05 0.558192
0.022266 0.587269
1.7E-05 0.587269
0.022265 0.616346
1.7E-05 0.616346
0.022265 0.645423
1.6E-05 0.645422
0.022264 0.674499
1.6E-05 0.674499
0.022264 0.703576
1.5E-05 0.703576
0.022264 0.732653
1.5E-05 0.732652
0.022267 0.733041
2.2E-05 0.73304
0.022263 0.999985
1.7E-05 0.999985
1.8E-05 1.502037E-05
0.02227 1.502037E-05
0.022267 0.267039
1.5E-05 0.267038
0.375017 0.2875
0.12505 0.2875
0.137103 0.281729
0.379034 0.281729
0.146797 0.273263
0.382266 0.273263
0.155222 0.261631
0.385074 0.261631
0.158386 0.25
0.386129 0.25
0.844778 0.261631
0.613871 0.25
0.841614 0.25
0.614926 0.261631
0.853203 0.273262
0.617734 0.273262
0.862898 0.281729
0.620966 0.281729
0.87495 0.2875
0.624983 0.2875

Indices:

0 1 2
0 2 3
4 5 6
4 7 5
5 7 8
8 9 5
7 10 8
7 11 10
7 12 11
7 13 12
7 14 13
7 15 14
7 16 15
7 17 16
7 18 17
7 19 18
7 20 19
7 21 20
7 22 21
7 23 22
24 25 26
24 26 27
28 29 30
31 28 30
32 31 30
33 32 30
34 33 30
35 34 30
36 35 30
37 36 30
38 37 30
39 38 30
40 39 30
40 30 41
42 40 41
43 42 41
44 43 41
45 44 41
45 41 46
47 45 46
48 47 46
49 48 46
50 49 46
50 46 51
52 50 51
53 52 51
51 54 53
54 55 53
55 56 53
56 57 53
57 58 53
58 59 53
59 58 60
60 61 59
62 63 64
62 64 65
66 67 68
66 68 69
70 71 72
70 72 73
74 75 76
74 76 77
78 79 80
78 80 81
82 83 84
82 84 85
86 87 88
86 88 89
90 91 92
90 92 93
94 95 96
94 96 97
98 99 100
100 101 98
100 102 101
100 103 102
100 104 103
104 105 103
105 106 103
106 107 103
108 109 110
108 110 111
112 113 114
112 115 113
116 113 115
115 117 116
117 118 116
117 119 118
119 120 118
119 121 120
121 122 120
121 123 122
123 124 122
123 125 124
125 126 124
125 127 126
127 128 126
127 129 128
129 130 128
129 131 130
132 133 134
132 134 135
136 137 138
138 139 136
139 140 136
139 141 140
139 142 141
139 143 142
139 144 143
144 145 143
145 146 143
146 147 143
147 148 143
148 149 143
149 150 143
150 151 143
151 152 143
152 153 143
154 153 152
154 155 153
154 152 156
154 156 157
154 157 158
154 158 159
154 159 160
154 160 161
154 161 162
154 162 163
164 154 163
165 164 163
166 165 163
167 166 163
168 167 163
163 169 168
170 171 172
170 172 173
174 175 176
174 176 177
178 179 180
178 180 181
182 183 184
182 184 185
186 187 188
186 188 189
190 191 192
190 192 193
194 195 196
194 196 197
198 199 200
198 200 201
202 203 204
202 204 205
206 207 208
208 209 206
209 210 206
209 211 210
211 212 210
211 213 212
213 214 212
213 215 214
216 217 218
216 218 219
219 218 220
216 219 221
216 221 222
219 220 223
223 220 224
222 221 225
222 225 226
221 227 225
219 228 221
221 228 227
219 223 228
228 229 227
228 230 229
223 230 228
230 231 229
223 224 232
223 232 230
232 224 233
232 234 230
230 234 231
232 233 235
232 235 234
236 231 234
235 237 234
236 234 237
238 231 236
238 239 231
240 238 236
240 241 238
242 236 237
242 240 236
243 241 240
243 244 241
245 240 242
245 243 240
246 244 243
246 247 244
248 247 246
248 249 247
250 248 246
251 246 243
250 246 251
251 243 245
252 250 251
253 251 245
252 251 253
254 245 242
253 245 254
252 253 255
252 255 256
256 255 257
256 257 258
255 259 257
253 260 255
255 260 259
253 254 260
260 261 259
260 262 261
254 262 260
262 263 261
254 242 264
254 264 262
264 242 237
262 265 263
264 265 262
264 237 266
264 266 265
235 266 237
265 266 235
265 235 233
263 265 233
263 233 267
268 269 270
268 270 271
272 268 271
271 270 273
272 271 274
275 272 274
271 273 276
274 271 276
276 273 277
275 274 278
279 275 278
274 276 280
278 274 280
276 277 281
280 276 281
281 277 282
279 278 283
284 279 283
284 283 285
278 280 286
283 278 286
285 283 287
283 286 287
285 287 288
280 281 289
286 280 289
281 282 290
289 281 290
288 287 291
288 291 292
287 286 293
286 289 293
287 293 291
292 291 294
292 294 295
294 296 295
293 289 297
289 290 297
291 293 298
291 298 294
293 297 298
294 299 296
298 299 294
300 296 299
297 301 298
298 301 299
300 299 302
302 299 301
303 300 302
290 304 297
297 304 301
303 302 305
306 303 305
302 301 307
307 301 304
305 302 307
290 308 304
282 308 290
282 309 308
310 304 308
307 304 310
310 308 311
306 305 312
313 306 312
313 312 314
305 307 315
315 307 310
312 305 315
316 310 311
315 310 316
316 311 317
314 312 318
312 315 318
318 315 316
314 318 319
320 316 317
318 316 320
319 318 320
320 317 321
319 320 322
322 320 321
322 321 323
324 325 326
324 326 327
327 326 328
327 328 329
329 328 330
329 330 331
331 330 332
331 332 333
333 332 334
333 334 335
335 334 336
335 336 337
337 336 338
337 338 339
339 338 340
339 340 341
341 340 342
341 342 343
343 342 344
343 344 345
345 344 346
345 346 347
347 346 348
347 348 349
349 348 350
349 350 351
351 350 352
351 352 353
353 352 354
353 354 355
355 354 356
355 356 357
357 356 358
357 358 359
359 358 360
359 360 361
361 360 362
361 362 363
364 365 366
364 366 367
367 366 368
367 368 369
369 368 370
369 370 371
371 370 372
371 372 373
374 375 376
374 377 375
378 377 374
378 379 377
380 379 378
380 381 379
382 381 380
382 383 381
384 385 386
384 386 387
388 384 387
387 386 389
388 387 390
391 388 390
387 389 392
390 387 392
392 389 393
391 390 394
395 391 394
395 394 396
390 392 397
394 390 397
392 393 398
397 392 398
398 393 399
396 394 400
394 397 400
396 400 401
397 398 402
400 397 402
401 400 403
400 402 403
401 403 404
402 398 405
398 399 405
404 403 406
404 406 407
403 402 408
402 405 408
403 408 406
409 407 406
409 410 407
411 410 409
412 406 408
412 409 406
411 409 413
413 409 412
414 411 413
415 408 405
415 412 408
416 405 399
416 415 405
414 413 417
418 414 417
413 412 419
419 412 415
417 413 419
418 417 420
421 418 420
421 420 422
419 415 423
423 415 416
417 419 424
420 417 424
424 419 423
422 420 425
420 424 425
422 425 426
424 423 427
425 424 427
426 425 428
425 427 428
426 428 429
423 416 430
427 423 430
428 427 431
427 430 431
429 428 432
428 431 432
429 432 433
433 432 434
433 434 435
432 436 434
432 431 436
431 437 436
431 430 437
430 438 437
430 416 438
438 416 399
438 399 439
440 441 442
440 442 443
443 442 444
443 444 445
445 444 446
445 446 447
447 446 448
447 448 449
449 448 450
449 450 451
451 450 452
451 452 453
453 452 454
453 454 455
455 454 456
455 456 457
457 456 458
457 458 459
459 458 460
459 460 461
461 460 462
461 462 463
463 462 464
463 464 465
465 464 466
465 466 467
467 466 468
467 468 469
469 468 470
469 470 471
471 470 472
471 472 473
473 472 474
473 474 475
475 474 476
475 476 477
478 479 480
478 480 481
482 483 484
482 484 485
485 484 486
485 486 487
487 486 488
487 488 489
489 488 490
489 490 491
492 493 494
492 495 493
496 495 492
496 497 495
498 497 496
498 499 497
500 499 498
500 501 499
