Vertices:

0.099496 3.85 0.666667
0.099496 3.85 2
0 3.85 2
0 3.85 0.666667
0.099496 3.85 -2
0.099496 3.85 -0.666667
0 3.85 -0.666667
0 3.85 -2
0 3.85 0.666667
0 4 -0.666667
0 4 0.666667
0 3.85 -0.666667
0 3.85 -2
0 3.85 2
0 3.800001 1E-06
0 3.771179 -0.292636
0 3.685821 -0.574025
0 3.771179 0.292636
0 3.685821 0.574026
0 3.547206 0.833356
0 3.547206 -0.833355
0 3.360662 1.060661
0 3.360662 -1.06066
0 3.133357 1.247205
0 3.133357 -1.247205
0 2.874027 1.38582
0 2.874027 -1.385819
0 2.592637 -1.471178
0 2.300001 -1.5
0 0 -2
0 0 -1.5
0 2.592637 1.471178
0 2.300001 1.5
-1E-06 0 1.5
0 0 2
0.099496 3.85 0.666667
0 3.85 0.666667
0 4 0.666667
0.12602 4 0.666667
0.109085 3.87309 0.666667
0.116799 3.90795 0.666667
0.123502 3.95348 0.666667
0.12602 4 -0.666667
0 4 -0.666667
0 3.85 -0.666667
0.099496 3.85 -0.666667
0.109085 3.87309 -0.666667
0.116799 3.90795 -0.666667
0.123502 3.95348 -0.666667
-1E-06 0 1.5
0 0 -1.5
-0.292633 0 -1.471178
-0.574023 0 -1.38582
-0.833354 0 -1.247205
-1.060659 0 -1.060661
-1.247203 0 -0.833357
-1.385819 0 -0.574027
-1.471178 0 -0.292637
-1.5 0 -1E-06
-1.471178 0 0.292634
-1.38582 0 0.574024
-1.247205 0 0.833355
-1.060661 0 1.06066
-0.833356 0 1.247204
-0.574026 0 1.385819
-0.292636 0 1.471178
-0.292636 0 1.471178
0 2.300001 1.5
-1E-06 0 1.5
-0.292635 2.300001 1.471179
-0.574026 0 1.385819
0 2.592637 1.471178
-0.574025 2.300001 1.38582
-0.833356 0 1.247204
-0.287012 2.592637 1.44291
0 2.874027 1.38582
-0.833355 2.300001 1.247205
-1.060661 0 1.06066
-0.562995 2.592637 1.359191
-0.27036 2.874027 1.359192
0 3.133357 1.247205
-1.06066 2.300001 1.060661
-1.247205 0 0.833355
-0.817342 2.592637 1.22324
-0.53033 2.874027 1.280331
-0.243317 3.133357 1.22324
0 3.360662 1.060661
-0.206924 3.360662 1.04028
0 3.547206 0.833356
-0.477284 3.133357 1.152267
-0.76992 2.874027 1.152267
-1.04028 2.592637 1.04028
-1.247205 2.300001 0.833356
-0.16258 3.547206 0.817343
0 3.685821 0.574026
-0.405897 3.360662 0.979923
-0.69291 3.133357 1.037013
-1.385819 2.300001 0.574026
-1.38582 0 0.574024
-1.471178 0 0.292634
-1.22324 2.592637 0.817343
-0.979922 2.874027 0.979923
-0.111987 3.685821 0.562996
0 3.771179 0.292636
-0.318911 3.547206 0.769921
-0.589271 3.360662 0.881907
-0.881907 3.133357 0.881907
-1.152267 2.874027 0.76992
-1.359191 2.592637 0.562996
-0.05709 3.771179 0.287013
0 3.800001 1E-06
-0.21967 3.685821 0.530331
-0.462987 3.547206 0.69291
-0.75 3.360662 0.75
-1.037013 3.133357 0.69291
-0.111987 3.771179 0.270361
-0.318911 3.685821 0.477285
-0.589271 3.547206 0.589272
-0.16258 3.771179 0.243318
-0.405897 3.685821 0.405898
-0.881907 3.360662 0.589272
-1.28033 2.874027 0.53033
-0.206925 3.771179 0.206925
-0.69291 3.547206 0.462988
-1.152267 3.133357 0.477285
-0.477285 3.685821 0.318912
-0.979922 3.360662 0.405898
-0.243318 3.771179 0.16258
-0.76992 3.547206 0.318912
-0.53033 3.685821 0.21967
-0.27036 3.771179 0.111987
-0.287013 3.771179 0.057091
-0.292636 3.771179 0
-0.287013 3.771179 -0.05709
-0.562996 3.685821 0.111987
-0.817343 3.547206 0.16258
-1.04028 3.360662 0.206925
-0.574026 3.685821 0
-0.833356 3.547206 0
-0.562996 3.685821 -0.111986
-1.22324 3.133357 0.243318
-1.06066 3.360662 0
-0.817343 3.547206 -0.162579
-1.247205 3.133357 0
-1.359191 2.874027 0.27036
-1.04028 3.360662 -0.206924
-1.22324 3.133357 -0.243317
-1.385819 2.874027 0
-1.442909 2.592637 0.287013
-1.359191 2.874027 -0.27036
-1.471178 2.592637 0
-1.471178 2.300001 0.292636
-1.5 2.300001 0
-1.5 0 -1E-06
-1.471178 0 -0.292637
-1.471178 2.300001 -0.292635
-1.385819 0 -0.574027
-1.44291 2.592637 -0.287012
-1.38582 2.300001 -0.574025
-1.247203 0 -0.833357
-1.359191 2.592637 -0.562995
-1.247205 2.300001 -0.833355
-1.060659 0 -1.060661
-1.28033 2.874027 -0.53033
-1.06066 2.300001 -1.06066
-0.833354 0 -1.247205
-1.22324 2.592637 -0.817342
-1.152267 3.133357 -0.477284
-0.833356 2.300001 -1.247204
-0.574023 0 -1.38582
-1.04028 2.592637 -1.04028
-1.152267 2.874027 -0.76992
-0.979922 3.360662 -0.405897
-0.574025 2.300001 -1.385819
-0.292633 0 -1.471178
-0.817343 2.592637 -1.22324
-0.979922 2.874027 -0.979922
-1.037013 3.133357 -0.692909
-0.76992 3.547206 -0.318911
-0.292636 2.300001 -1.471178
0 0 -1.5
0 2.300001 -1.5
-0.562996 2.592637 -1.359191
-0.287013 2.592637 -1.44291
0 2.592637 -1.471178
-0.76992 2.874027 -1.152267
-0.27036 2.874027 -1.359191
0 2.874027 -1.385819
-0.53033 2.874027 -1.28033
-0.881907 3.133357 -0.881907
-0.243318 3.133357 -1.22324
0 3.133357 -1.247205
-0.477285 3.133357 -1.152267
-0.69291 3.133357 -1.037012
-0.881907 3.360662 -0.589271
-0.206925 3.360662 -1.04028
0 3.360662 -1.06066
-0.405897 3.360662 -0.979922
-0.589271 3.360662 -0.881907
-0.75 3.360662 -0.75
-0.69291 3.547206 -0.462987
-0.16258 3.547206 -0.817343
0 3.547206 -0.833355
-0.318911 3.547206 -0.76992
-0.462988 3.547206 -0.69291
-0.589271 3.547206 -0.589271
-0.53033 3.685821 -0.21967
-0.111987 3.685821 -0.562996
0 3.685821 -0.574025
-0.21967 3.685821 -0.53033
-0.318912 3.685821 -0.477285
-0.405897 3.685821 -0.405897
-0.477285 3.685821 -0.318911
-0.27036 3.771179 -0.111987
-0.243318 3.771179 -0.162579
-0.206925 3.771179 -0.206924
-0.16258 3.771179 -0.243318
-0.111987 3.771179 -0.27036
-0.05709 3.771179 -0.287013
0 3.771179 -0.292636
0.12602 4 0.666667
0.12602 4 2
0.123502 3.95348 2
0.123502 3.95348 0.666667
0.116799 3.90795 2
0.116799 3.90795 0.666667
0.109085 3.87309 2
0.109085 3.87309 0.666667
0.099496 3.85 2
0.099496 3.85 0.666667
0.109085 3.87309 -2
0.099496 3.85 -0.666667
0.099496 3.85 -2
0.109085 3.87309 -0.666667
0.116799 3.90795 -2
0.116799 3.90795 -0.666667
0.123502 3.95348 -2
0.123502 3.95348 -0.666667
0.12602 4 -2
0.12602 4 -0.666667

Normals:

0 -1 0
0 -1 0
0 -1 0
0 -1 0
0 -1 0
0 -1 0
0 -1 0
0 -1 0
1 0 0
1 0 0
1 0 0
1 0 0
1 0 0
1 0 0
1 0 0
1 0 0
1 0 0
1 0 0
1 0 0
1 0 0
1 0 0
1 0 0
1 0 0
1 0 0
1 0 0
1 0 0
1 0 0
1 0 0
1 0 0
1 0 0
1 0 0
1 0 0
1 0 0
1 0 0
1 0 0
0 0 -1
0 0 -1
0 0 -1
0 0 -1
0 0 -1
0 0 -1
0 0 -1
0 0 1
0 0 1
0 0 1
0 0 1
0 0 1
0 0 1
0 0 1
0 1 0
0 1 0
0 1 0
0 1 0
0 1 0
0 1 0
0 1 0
0 1 0
0 1 0
0 1 0
0 1 0
0 1 0
0 1 0
0 1 0
0 1 0
0 1 0
0 1 0
0.1419999 0.6856994 -0.7138994
0.7324762 -0.03329892 -0.6799779
0.6261455 0.5346389 -0.5675413
0.1948045 -0.04890112 -0.9796224
0.2784996 0.685699 -0.672499
0.7237097 -0.1338018 -0.6770091
0.3821946 -0.04889932 -0.9227871
0.4044018 0.6857031 -0.6052027
0.1913943 -0.1938942 -0.9621711
0.7216209 -0.2634076 -0.6402186
0.5548902 -0.04889913 -0.8304853
0.5146957 0.6856943 -0.5146957
0.3754184 -0.1939095 -0.9063444
0.1804024 -0.380505 -0.907012
0.7181956 -0.3845976 -0.5798965
0.7062609 -0.04889729 -0.7062609
0.6052027 0.6857031 -0.4044018
0.5450031 -0.1939011 -0.8157046
0.3538956 -0.3804953 -0.8543894
0.1625995 -0.5527983 -0.8172976
0.7135238 -0.4933164 -0.4975166
0.1385062 -0.7040315 -0.6965312
0.7077168 -0.5854139 -0.3955094
0.318895 -0.5527914 -0.769888
0.5137321 -0.3805237 -0.768948
0.6936873 -0.1938965 -0.6936873
0.8304853 -0.04889913 -0.5548902
0.1092053 -0.8286399 -0.5490265
0.7011139 -0.657213 -0.2766055
0.271713 -0.7040337 -0.6561314
0.4629844 -0.5527814 -0.6928767
0.9227871 -0.04889932 -0.3821946
0.672499 0.685699 -0.2784996
0.7138994 0.6856994 -0.1419999
0.8157046 -0.1939011 -0.5450031
0.6539161 -0.3805093 -0.6539161
0.0757013 -0.9217159 -0.3804066
0.6937389 -0.7055395 -0.1447081
0.2142158 -0.8286613 -0.5171382
0.3945358 -0.704064 -0.5904536
0.5892597 -0.5527622 -0.5892597
0.768948 -0.3805237 -0.5137321
0.9063444 -0.1939095 -0.3754184
0.03919998 -0.9795995 -0.1970999
0.7105486 -0.7036481 0
0.148405 -0.9217312 -0.3583121
0.3110161 -0.828643 -0.4654242
0.502144 -0.7040616 -0.502144
0.6928767 -0.5527814 -0.4629844
0.07690087 -0.9796112 -0.1856021
0.2155024 -0.9217104 -0.3225036
0.3958212 -0.8286443 -0.3958212
0.1116004 -0.9796034 -0.1671006
0.2742984 -0.9216945 -0.2742984
0.5904536 -0.704064 -0.3945358
0.8543894 -0.3804953 -0.3538956
0.1420999 -0.9795996 -0.1420999
0.4654242 -0.828643 -0.3110161
0.769888 -0.5527914 -0.318895
0.3225036 -0.9217104 -0.2155024
0.6561314 -0.7040337 -0.271713
0.1671006 -0.9796034 -0.1116004
0.5171382 -0.8286613 -0.2142158
0.3583121 -0.9217312 -0.148405
0.1856021 -0.9796112 -0.07690087
0.1970999 -0.9795995 -0.03919998
0.2009983 -0.9795915 0
0.1970999 -0.9795995 0.03919998
0.3804066 -0.9217159 -0.0757013
0.5490265 -0.8286399 -0.1092053
0.6965312 -0.7040315 -0.1385062
0.3879005 -0.9217012 0
0.5598129 -0.8286191 0
0.3804066 -0.9217159 0.0757013
0.8172976 -0.5527983 -0.1625995
0.7101504 -0.70405 0
0.5490265 -0.8286399 0.1092053
0.8333097 -0.5528064 0
0.907012 -0.380505 -0.1804024
0.6965312 -0.7040315 0.1385062
0.8172976 -0.5527983 0.1625995
0.9247692 -0.3805284 0
0.9621711 -0.1938942 -0.1913943
0.907012 -0.380505 0.1804024
0.9810205 -0.193904 0
0.9796224 -0.04890112 -0.1948045
0.9988037 -0.04890018 0
0.7278917 0.6856921 0
0.7138994 0.6856994 0.1419999
0.9796224 -0.04890112 0.1948045
0.672499 0.685699 0.2784996
0.9621711 -0.1938942 0.1913943
0.9227871 -0.04889932 0.3821946
0.6052027 0.6857031 0.4044018
0.9063444 -0.1939095 0.3754184
0.8304853 -0.04889913 0.5548902
0.5146957 0.6856943 0.5146957
0.8543894 -0.3804953 0.3538956
0.7062609 -0.04889729 0.7062609
0.4044018 0.6857031 0.6052027
0.8157046 -0.1939011 0.5450031
0.769888 -0.5527914 0.318895
0.5548902 -0.04889913 0.8304853
0.2784996 0.685699 0.672499
0.6936873 -0.1938965 0.6936873
0.768948 -0.3805237 0.5137321
0.6561314 -0.7040337 0.271713
0.3821946 -0.04889932 0.9227871
0.1419999 0.6856994 0.7138994
0.5450031 -0.1939011 0.8157046
0.6539161 -0.3805093 0.6539161
0.6928767 -0.5527814 0.4629844
0.5171382 -0.8286613 0.2142158
0.1948045 -0.04890112 0.9796224
0.6261455 0.5346389 0.5675413
0.7324762 -0.03329892 0.6799779
0.3754184 -0.1939095 0.9063444
0.1913943 -0.1938942 0.9621711
0.7237097 -0.1338018 0.6770091
0.5137321 -0.3805237 0.768948
0.1804024 -0.380505 0.907012
0.7216209 -0.2634076 0.6402186
0.3538956 -0.3804953 0.8543894
0.5892597 -0.5527622 0.5892597
0.1625995 -0.5527983 0.8172976
0.7181956 -0.3845976 0.5798965
0.318895 -0.5527914 0.769888
0.4629844 -0.5527814 0.6928767
0.5904536 -0.704064 0.3945358
0.1385062 -0.7040315 0.6965312
0.7135238 -0.4933164 0.4975166
0.271713 -0.7040337 0.6561314
0.3945358 -0.704064 0.5904536
0.502144 -0.7040616 0.502144
0.4654242 -0.828643 0.3110161
0.1092053 -0.8286399 0.5490265
0.7077447 -0.585437 0.395425
0.2142158 -0.8286613 0.5171382
0.3110161 -0.828643 0.4654242
0.3958212 -0.8286443 0.3958212
0.3583121 -0.9217312 0.148405
0.0757013 -0.9217159 0.3804066
0.7011139 -0.657213 0.2766055
0.148405 -0.9217312 0.3583121
0.2155024 -0.9217104 0.3225036
0.2742984 -0.9216945 0.2742984
0.3225036 -0.9217104 0.2155024
0.1856021 -0.9796112 0.07690087
0.1671006 -0.9796034 0.1116004
0.1420999 -0.9795996 0.1420999
0.1116004 -0.9796034 0.1671006
0.07690087 -0.9796112 0.1856021
0.03919998 -0.9795995 0.1970999
0.6937389 -0.7055395 0.1447081
0.7183225 -0.03890122 -0.6946218
0.9985408 -0.05400221 0
0.9949975 -0.09989975 0
0.7135873 -0.07169873 -0.6968877
0.9835014 -0.1809002 0
0.7032086 -0.1294016 -0.6991086
0.9536507 -0.300916 0
0.6921842 -0.218395 -0.6878843
0.5552078 -0.8317117 0
0.44372 -0.66483 -0.6009272
0.9536507 -0.300916 0
0.44372 -0.66483 0.6009272
0.5552078 -0.8317117 0
0.6921842 -0.218395 0.6878843
0.9835014 -0.1809002 0
0.7032086 -0.1294016 0.6991086
0.9949975 -0.09989975 0
0.7135873 -0.07169873 0.6968877
0.9985408 -0.05400221 0
0.7183225 -0.03890122 0.6946218

UVs:

0.955658 0.52366
0.955658 0.998026
0.92026 0.998026
0.92026 0.52366
0.991108 0.52366
0.991108 0.998026
0.95571 0.998026
0.95571 0.52366
0.666667 0.03750002
0.333333 0
0.666667 0
0.333333 0.03750002
0 0.03750002
1 0.03750002
0.5 0.049999
0.426841 0.05720502
0.356494 0.07854497
0.573159 0.05720502
0.643506 0.07854497
0.708339 0.113198
0.291661 0.113198
0.765165 0.159834
0.234835 0.159834
0.811801 0.216661
0.188199 0.216661
0.846455 0.281493
0.153545 0.281493
0.132205 0.351841
0.125 0.425
0 1
0.125 1
0.867795 0.351841
0.875 0.425
0.875 1
1 1
0.484518 0.08116299
0.518713 0.08116299
0.518713 0.132716
0.475402 0.132716
0.481222 0.08909798
0.478571 0.101079
0.476267 0.116728
0.432071 0.08116299
0.475383 0.08116299
0.475383 0.132716
0.441187 0.132716
0.437891 0.12478
0.43524 0.112799
0.432936 0.09715098
0.87504 1.000201
0.12496 1.000201
0.132166 0.927035
0.153508 0.85668
0.188165 0.79184
0.234806 0.735008
0.291639 0.688367
0.356478 0.653709
0.426833 0.632367
0.5 0.625161
0.573166 0.632367
0.643521 0.653709
0.708361 0.688366
0.765193 0.735007
0.811834 0.79184
0.846492 0.856679
0.867834 0.927034
0.845414 0.06425899
0.335701 0.06486702
0.837384 9.399652E-05
0.355275 0.131372
0.852902 0.128102
0.263618 0.08952397
0.37389 0.192745
0.859625 0.191549
0.29182 0.154341
0.194852 0.12725
0.390269 0.250402
0.865409 0.254582
0.31567 0.212624
0.23092 0.184789
0.133414 0.177287
0.403945 0.305301
0.870119 0.317216
0.335455 0.266986
0.259583 0.237354
0.174101 0.223612
0.082401 0.237579
0.123053 0.270723
0.043855 0.305152
0.205933 0.267965
0.282439 0.286737
0.351262 0.318489
0.41496 0.358486
0.079391 0.325386
0.018435 0.376509
0.155336 0.305047
0.230946 0.310871
0.422914 0.410635
0.874193 0.379434
0.876609 0.441536
0.363748 0.368605
0.300412 0.334378
0.044403 0.38625
0.004997 0.448386
0.108648 0.348969
0.180854 0.339921
0.250421 0.352806
0.314176 0.380285
0.372795 0.417534
0.018542 0.451484
9.4E-05 0.519511
0.066883 0.399762
0.132316 0.374737
0.200737 0.375064
0.265116 0.393974
0.030902 0.456979
0.085755 0.416084
0.151017 0.401955
0.041739 0.464484
0.101062 0.434471
0.215731 0.410335
0.324058 0.42545
0.050831 0.473617
0.165235 0.430146
0.275587 0.434701
0.112899 0.454351
0.226357 0.4457
0.058031 0.484018
0.175322 0.458994
0.121362 0.475277
0.063245 0.49535
0.066413 0.507297
0.067502 0.51956
0.066495 0.531849
0.126528 0.496885
0.181515 0.488278
0.232934 0.481158
0.12844 0.518866
0.183946 0.517832
0.127105 0.540935
0.282136 0.475199
0.235642 0.516727
0.182651 0.547515
0.284949 0.515647
0.330317 0.470127
0.234543 0.552436
0.284099 0.556223
0.333111 0.514613
0.378613 0.465728
0.332519 0.559201
0.381289 0.513617
0.428279 0.461766
0.430654 0.512603
0.878332 0.503396
0.878332 0.565229
0.430609 0.563382
0.877181 0.626955
0.38095 0.561567
0.427892 0.614653
0.874971 0.688662
0.377582 0.609957
0.422512 0.666798
0.871826 0.750442
0.328528 0.604188
0.414496 0.72026
0.867898 0.812392
0.371131 0.659185
0.279552 0.597115
0.403942 0.775568
0.863362 0.874609
0.361529 0.709711
0.321041 0.649905
0.229584 0.588323
0.391118 0.833364
0.85841 0.937165
0.348705 0.762119
0.309879 0.696753
0.271162 0.638535
0.177576 0.577193
0.376721 0.894422
0.853248 0.999906
0.362501 0.959529
0.332622 0.817228
0.313345 0.876299
0.290987 0.941548
0.294762 0.745261
0.250761 0.850756
0.219952 0.910948
0.275276 0.796193
0.258654 0.680744
0.190473 0.816261
0.153308 0.866749
0.219234 0.769023
0.24158 0.724082
0.220592 0.624435
0.134558 0.772023
0.095201 0.809499
0.165221 0.734614
0.189054 0.697538
0.207252 0.660823
0.168566 0.606719
0.085572 0.718155
0.049604 0.741547
0.114538 0.692126
0.137536 0.664507
0.155354 0.635909
0.122486 0.562809
0.046189 0.656063
0.019285 0.667214
0.069054 0.641298
0.087953 0.623928
0.103046 0.604702
0.114506 0.584183
0.063393 0.54387
0.058215 0.555323
0.051002 0.565889
0.04183 0.575223
0.030823 0.582953
0.018176 0.588676
0.004187 0.591967
0.666667 0
1 0
1 0.01163
0.666667 0.01163
1 0.02301198
0.666667 0.02301198
1 0.03172702
0.666667 0.03172702
1 0.03750002
0.666667 0.03750002
0 0.03172702
0.333333 0.03750002
0 0.03750002
0.333333 0.03172702
0 0.02301198
0.333333 0.02301198
0 0.01163
0.333333 0.01163
0 0
0.333333 0

Indices:

0 1 2
0 2 3
4 5 6
4 6 7
8 9 10
8 11 9
12 11 8
12 8 13
12 13 14
12 14 15
12 15 16
17 14 13
18 17 13
19 18 13
12 16 20
21 19 13
12 20 22
23 21 13
12 22 24
25 23 13
12 24 26
12 26 27
12 27 28
29 12 28
28 30 29
31 25 13
32 31 13
33 32 13
13 34 33
35 36 37
37 38 35
38 39 35
38 40 39
38 41 40
42 43 44
44 45 42
45 46 42
46 47 42
47 48 42
49 50 51
51 52 49
52 53 49
53 54 49
54 55 49
55 56 49
56 57 49
57 58 49
58 59 49
59 60 49
60 61 49
61 62 49
62 63 49
63 64 49
64 65 49
66 67 68
66 69 67
70 69 66
69 71 67
70 72 69
73 72 70
69 74 71
72 74 69
74 75 71
73 76 72
77 76 73
72 78 74
76 78 72
74 79 75
78 79 74
79 80 75
77 81 76
82 81 77
76 83 78
81 83 76
78 84 79
83 84 78
79 85 80
84 85 79
85 86 80
85 87 86
87 88 86
84 89 85
89 87 85
83 90 84
90 89 84
81 91 83
91 90 83
82 92 81
92 91 81
87 93 88
93 94 88
89 95 87
95 93 87
90 96 89
96 95 89
82 97 92
82 98 97
99 97 98
92 100 91
97 100 92
91 101 90
101 96 90
100 101 91
93 102 94
102 103 94
95 104 93
104 102 93
96 105 95
105 104 95
101 106 96
106 105 96
100 107 101
107 106 101
97 108 100
108 107 100
102 109 103
109 110 103
104 111 102
111 109 102
105 112 104
112 111 104
106 113 105
113 112 105
107 114 106
114 113 106
111 115 109
115 110 109
112 116 111
116 115 111
113 117 112
117 116 112
116 118 115
118 110 115
119 118 116
117 119 116
120 117 113
114 120 113
121 114 107
108 121 107
122 110 118
119 122 118
123 119 117
120 123 117
124 120 114
121 124 114
125 122 119
123 125 119
126 123 120
124 126 120
127 110 122
125 127 122
128 125 123
126 128 123
129 127 125
128 129 125
130 110 127
129 130 127
131 110 130
132 110 131
133 110 132
134 130 129
134 131 130
135 129 128
135 134 129
136 128 126
136 135 128
137 132 131
137 131 134
138 134 135
138 137 134
139 132 137
139 133 132
140 136 126
140 126 124
141 135 136
141 138 135
142 137 138
142 139 137
143 136 140
143 141 136
144 140 124
144 124 121
145 138 141
145 142 138
146 141 143
146 145 141
147 143 140
147 140 144
148 144 121
148 121 108
149 146 143
149 143 147
150 147 144
150 144 148
151 148 108
151 108 97
99 151 97
152 148 151
99 152 151
152 150 148
99 153 152
154 152 153
154 155 152
155 150 152
156 155 154
157 147 150
155 157 150
157 149 147
156 158 155
158 157 155
159 158 156
160 149 157
158 160 157
159 161 158
161 160 158
162 161 159
160 163 149
163 146 149
162 164 161
165 164 162
161 166 160
166 163 160
164 166 161
163 167 146
167 145 146
165 168 164
169 168 165
164 170 166
168 170 164
166 171 163
171 167 163
170 171 166
167 172 145
172 142 145
169 173 168
174 173 169
168 175 170
173 175 168
170 176 171
175 176 170
171 177 167
177 172 167
176 177 171
172 178 142
178 139 142
174 179 173
180 179 174
180 181 179
173 182 175
179 182 173
181 183 179
179 183 182
181 184 183
175 185 176
182 185 175
184 186 183
184 187 186
183 188 182
182 188 185
183 186 188
185 189 176
176 189 177
187 190 186
187 191 190
186 192 188
186 190 192
188 193 185
185 193 189
188 192 193
189 194 177
177 194 172
194 178 172
191 195 190
191 196 195
190 197 192
190 195 197
192 198 193
192 197 198
193 199 189
189 199 194
193 198 199
194 200 178
199 200 194
196 201 195
196 202 201
195 203 197
195 201 203
197 204 198
197 203 204
198 205 199
199 205 200
198 204 205
200 206 178
178 206 139
206 133 139
202 207 201
202 208 207
201 209 203
201 207 209
203 210 204
203 209 210
204 211 205
204 210 211
205 212 200
200 212 206
205 211 212
206 213 133
212 213 206
213 110 133
212 214 213
211 214 212
214 110 213
211 215 214
210 215 211
215 110 214
210 216 215
209 216 210
216 110 215
209 217 216
217 110 216
207 217 209
218 110 217
207 218 217
219 110 218
208 218 207
208 219 218
220 221 222
220 222 223
223 222 224
223 224 225
225 224 226
225 226 227
227 226 228
227 228 229
230 231 232
230 233 231
234 233 230
234 235 233
236 235 234
236 237 235
238 237 236
238 239 237
