Vertices:

1 0 -0.15
-1 0 -0.15
-1 0 0
1 0 0
1 0 -0.15
-1 1.8 -0.15
-1 0 -0.15
1 1.8 -0.15
-0.980785 1.995091 -0.15
-1 1.800001 -0.15
-0.923879 2.182684 -0.15
-0.831469 2.355571 -0.15
-0.707106 2.507108 -0.15
-0.555569 2.63147 -0.15
-0.382682 2.72388 -0.15
-0.195089 2.780786 -0.15
0 2.8 -0.15
0.19509 2.780785 -0.15
0.382683 2.723879 -0.15
0.55557 2.631469 -0.15
0.707107 2.507107 -0.15
0.83147 2.35557 -0.15
0.92388 2.182683 -0.15
0.980785 1.99509 -0.15
-0.499932 2.85 0
-0.499932 2.85 0.099496
-1.499798 2.850001 0.099496
-1.499798 2.850001 0
1.45159 0.126914 0
1.4998 0.15 0
1.4998 2.85 0
1.412812 0.09305 0
1.379114 0.046525 0
1.366456 0 0
1 0 0
1 1.8 0
0.980785 1.99509 0
0.92388 2.182683 0
0.83147 2.35557 0
0.707107 2.507107 0
0.55557 2.631469 0
0.499934 2.85 0
0.382683 2.723879 0
0.19509 2.780785 0
0 2.8 0
-0.195089 2.780786 0
-0.499932 2.85 0
-0.382682 2.72388 0
-0.555569 2.63147 0
-0.707106 2.507108 0
-0.831469 2.355571 0
-1.499798 2.850001 0
-0.923879 2.182684 0
-0.980785 1.995091 0
-1.499798 0.15 0
-1.451589 0.126914 0
-1.412811 0.093049 0
-1.379113 0.046525 0
-1.366455 0 0
-1 1.800001 0
-1 0 0
-1 1.8 0
-0.483863 2.873086 0.109085
-0.499932 2.85 0.099496
-0.499933 2.85 -0.015484
-0.483863 2.873086 -0.005895
-0.470937 2.906951 0.116799
-0.483863 2.873086 0.109085
-0.483863 2.873086 -0.005895
-0.470937 2.906951 0.001818
-0.459704 2.953475 0.123502
-0.470937 2.906951 0.116799
-0.470937 2.906951 0.001818
-0.459704 2.953475 0.008522
-0.455484 3.000001 0.12602
-0.459704 2.953475 0.123502
-0.459704 2.953475 0.008522
-0.455485 3.000001 0.011039
1.4998 2.85 0
1.4998 2.85 0.099496
0.499934 2.85 0.099496
0.499934 2.85 0
0.499934 2.85 0.099496
0.483864 2.873086 0.109085
0.483863 2.873086 -0.005895
0.499933 2.85 -0.015484
0.483864 2.873086 0.109085
0.470938 2.906951 0.116799
0.470937 2.906951 0.001818
0.483863 2.873086 -0.005895
0.470938 2.906951 0.116799
0.459705 2.953475 0.123502
0.459704 2.953475 0.008522
0.470937 2.906951 0.001818
0.459705 2.953475 0.123502
0.455486 3.000001 0.12602
0.455485 3.000001 0.011039
0.459704 2.953475 0.008522
-0.483863 2.873086 -0.005895
-0.499933 2.85 -0.015484
0.499933 2.85 -0.015484
-0.470937 2.906951 0.001818
-0.459704 2.953475 0.008522
-0.455485 3.000001 0.011039
0.483863 2.873086 -0.005895
0.470937 2.906951 0.001818
0.459704 2.953475 0.008522
0.455485 3.000001 0.011039
1.462907 3 0.358874
1.366456 3 0.12602
1.379114 2.953475 0.123502
1.473638 2.953475 0.351704
1.641126 3 0.537093
1.412812 2.906951 0.116799
1.648296 2.953475 0.526362
1.87398 3 0.633544
1.502206 2.906951 0.332615
1.45159 2.873086 0.109086
1.876498 2.953475 0.620886
2 3 0.633544
2 2.953475 0.620886
1.667385 2.906951 0.497794
1.535081 2.873086 0.310649
1.4998 2.85 0.099496
1.883201 2.906951 0.587188
2 2.906951 0.587188
1.689351 2.873086 0.46492
1.890915 2.873086 0.54841
2 2.873086 0.54841
1.575951 2.85 0.283341
1.900504 2.85 0.500201
2 2.85 0.500201
1.716659 2.85 0.42405
1.900504 0.15 0.500201
2 0.15 0.500201
2 0.126914 0.54841
1.716659 0.15 0.42405
1.890915 0.126914 0.54841
2 0.09305 0.587188
1.575951 0.15 0.283341
1.4998 0.15 0.099496
1.883201 0.09305 0.587188
2 0.046525 0.620886
1.689351 0.126914 0.46492
1.876498 0.046525 0.620886
2 0 0.633544
1.87398 0 0.633544
1.535081 0.126914 0.310649
1.667385 0.09305 0.497794
1.648296 0.046525 0.526362
1.641126 0 0.537093
1.502206 0.09305 0.332615
1.473638 0.046525 0.351704
1.462907 0 0.358874
1.45159 0.126914 0.109086
1.412812 0.09305 0.116799
1.379114 0.046525 0.123502
1.366456 0 0.12602
1.379114 0.046525 0
1.366456 0 0
1.412812 0.09305 0
1.45159 0.126914 0
1.4998 0.15 0
1.4998 2.85 0
-1.366455 0 0.12602
-1.366455 0 0
-1.379113 0.046525 0
-1.379113 0.046525 0.123502
-1.462906 0 0.358874
-1.412811 0.093049 0
-1.473637 0.046525 0.351704
-1.641125 0 0.537093
-1.412811 0.093049 0.116799
-1.451589 0.126914 0
-1.648295 0.046525 0.526362
-1.873979 0 0.633544
-1.502205 0.093049 0.332615
-1.451589 0.126914 0.109085
-1.499798 0.15 0
-1.876497 0.046525 0.620886
-1.999999 0 0.633544
-1.999999 0.046525 0.620886
-1.667384 0.093049 0.497794
-1.8832 0.093049 0.587188
-1.999999 0.093049 0.587188
-1.535079 0.126914 0.310649
-1.499798 0.15 0.099496
-1.890913 0.126914 0.54841
-1.999999 0.126914 0.54841
-1.68935 0.126914 0.46492
-1.900503 0.15 0.500201
-1.999999 0.15 0.500201
-1.999999 2.850001 0.500201
-1.575949 0.15 0.283341
-1.716658 0.15 0.42405
-1.900503 2.850001 0.500201
-1.999999 2.873087 0.54841
-1.716658 2.850001 0.42405
-1.890913 2.873087 0.54841
-1.999999 2.906951 0.587188
-1.575949 2.850001 0.283341
-1.8832 2.906951 0.587188
-1.999999 2.953476 0.620886
-1.68935 2.873087 0.46492
-1.499798 2.850001 0.099496
-1.499798 2.850001 0
-1.535079 2.873087 0.310649
-1.451589 2.873087 0.109085
-1.876497 2.953476 0.620886
-1.999999 3.000001 0.633544
-1.873979 3.000001 0.633544
-1.667384 2.906951 0.497794
-1.502205 2.906951 0.332615
-1.412811 2.906951 0.116799
-1.648295 2.953476 0.526362
-1.641125 3.000001 0.537093
-1.473637 2.953476 0.351704
-1.379113 2.953476 0.123502
-1.462906 3.000001 0.358874
-1.366455 3.000001 0.12602
1 0 -0.15
1 0 0
1 1.8 0
1 1.8 -0.15
0.980785 1.99509 0
0.980785 1.99509 -0.15
0.92388 2.182683 0
0.92388 2.182683 -0.15
0.83147 2.35557 0
0.83147 2.35557 -0.15
0.707107 2.507107 0
0.707107 2.507107 -0.15
0.55557 2.631469 0
0.55557 2.631469 -0.15
0.382683 2.723879 0
0.382683 2.723879 -0.15
0.19509 2.780785 0
0.19509 2.780785 -0.15
0 2.8 0
0 2.8 -0.15
-0.195089 2.780786 0
-0.195089 2.780786 -0.15
-0.382682 2.72388 0
-0.382682 2.72388 -0.15
-0.555569 2.63147 0
-0.555569 2.63147 -0.15
-0.707106 2.507108 0
-0.707106 2.507108 -0.15
-0.831469 2.355571 0
-0.831469 2.355571 -0.15
-0.923879 2.182684 0
-0.923879 2.182684 -0.15
-0.980785 1.995091 0
-0.980785 1.995091 -0.15
-1 1.800001 0
-1 1.800001 -0.15
-1 1.8 0
-1 1.8 -0.15
-1 0 0
-1 0 -0.15
0.499934 2.85 0.099496
1.4998 2.85 0.099496
1.45159 2.873086 0.109086
0.483864 2.873086 0.109085
1.412812 2.906951 0.116799
0.470938 2.906951 0.116799
1.379114 2.953475 0.123502
0.459705 2.953475 0.123502
1.366456 3 0.12602
0.455486 3.000001 0.12602
-1.379113 2.953476 0.123502
-0.455484 3.000001 0.12602
-1.366455 3.000001 0.12602
-0.459704 2.953475 0.123502
-1.412811 2.906951 0.116799
-0.470937 2.906951 0.116799
-1.451589 2.873087 0.109085
-0.483863 2.873086 0.109085
-1.499798 2.850001 0.099496
-0.499932 2.85 0.099496

Normals:

0 1 0
0 1 0
0 1 0
0 1 0
0 0 1
0 0 1
0 0 1
0 0 1
0 0 1
0 0 1
0 0 1
0 0 1
0 0 1
0 0 1
0 0 1
0 0 1
0 0 1
0 0 1
0 0 1
0 0 1
0 0 1
0 0 1
0 0 1
0 0 1
0 -1 0
0 -1 0
0 -1 0
0 -1 0
0 0 1
0 0 1
0 0 1
0 0 1
0 0 1
0 0 1
0 0 1
0 0 1
0 0 1
0 0 1
0 0 1
0 0 1
0 0 1
0 0 1
0 0 1
0 0 1
0 0 1
0 0 1
0 0 1
0 0 1
0 0 1
0 0 1
0 0 1
0 0 1
0 0 1
0 0 1
0 0 1
0 0 1
0 0 1
0 0 1
0 0 1
0 0 1
0 0 1
0 0 1
0.8207278 -0.5713194 0
0.8207278 -0.5713194 0
0.8207278 -0.5713194 0
0.8207278 -0.5713194 0
0.9342626 -0.3565857 0
0.9342626 -0.3565857 0
0.9342626 -0.3565857 0
0.9342626 -0.3565857 0
0.9720696 -0.2346926 0
0.9720696 -0.2346926 0
0.9720696 -0.2346926 0
0.9720696 -0.2346926 0
0.9959145 -0.09030132 0
0.9959145 -0.09030132 0
0.9959145 -0.09030132 0
0.9959145 -0.09030132 0
0 -1 0
0 -1 0
0 -1 0
0 -1 0
-0.8207278 -0.5713194 0
-0.8207278 -0.5713194 0
-0.8207278 -0.5713194 0
-0.8207278 -0.5713194 0
-0.9342626 -0.3565857 0
-0.9342626 -0.3565857 0
-0.9342626 -0.3565857 0
-0.9342626 -0.3565857 0
-0.9720696 -0.2346926 0
-0.9720696 -0.2346926 0
-0.9720696 -0.2346926 0
-0.9720696 -0.2346926 0
-0.9959145 -0.09030132 0
-0.9959145 -0.09030132 0
-0.9959145 -0.09030132 0
-0.9959145 -0.09030132 0
0 -0.1770019 0.9842105
0 -0.1770019 0.9842105
0 -0.1770019 0.9842105
0 -0.1770019 0.9842105
0 -0.1770019 0.9842105
0 -0.1770019 0.9842105
0 -0.1770019 0.9842105
0 -0.1770019 0.9842105
0 -0.1770019 0.9842105
0 -0.1770019 0.9842105
-0.8012333 -0.2673111 0.5353223
-0.4843343 -0.1781126 0.8565607
-0.4655092 -0.305306 0.8307163
-0.7509178 -0.4293102 0.5018119
-0.5353223 -0.2673111 0.8012333
-0.3923108 -0.5039139 0.7695212
-0.5018119 -0.4293102 0.7509178
-0.1879993 -0.267299 0.9450966
-0.6140968 -0.6741965 0.4102978
-0.2865026 -0.668506 0.6863061
-0.1762012 -0.4293029 0.885806
0 -0.2625081 0.9649298
0 -0.4315864 0.9020717
-0.4102978 -0.6741965 0.6140968
-0.4608963 -0.8322933 0.3079975
-0.7197408 -0.6446366 0.2577146
-0.1440953 -0.6741779 0.7243762
0 -0.6742243 0.7385266
-0.3079975 -0.8322933 0.4608963
-0.108099 -0.8322923 0.5436949
0 -0.8352212 0.549914
-0.6839963 -0.568597 0.4569975
-0.1605006 -0.5686021 0.806803
0 -0.5329353 0.846156
-0.4569975 -0.568597 0.6839963
-0.1605006 0.5686021 0.806803
0 0.5329353 0.846156
0 0.8352212 0.549914
-0.4569975 0.568597 0.6839963
-0.108099 0.8322923 0.5436949
0 0.6742243 0.7385266
-0.6839963 0.568597 0.4569975
-0.806803 0.5686021 0.1605006
-0.1440953 0.6741779 0.7243762
0 0.4315864 0.9020717
-0.3079975 0.8322933 0.4608963
-0.1762012 0.4293029 0.885806
0 0.2625081 0.9649298
-0.1879993 0.267299 0.9450966
-0.4608963 0.8322933 0.3079975
-0.4102978 0.6741965 0.6140968
-0.5018119 0.4293102 0.7509178
-0.5353223 0.2673111 0.8012333
-0.6140968 0.6741965 0.4102978
-0.7509178 0.4293102 0.5018119
-0.8012333 0.2673111 0.5353223
-0.5436949 0.8322923 0.108099
-0.7243762 0.6741779 0.1440953
-0.885806 0.4293029 0.1762012
-0.9450966 0.267299 0.1879993
-0.67063 0.3208144 0.66883
-0.6272213 0.1706058 0.7599257
-0.5397074 0.4927069 0.6826095
-0.4042158 0.614024 0.6779265
-0.6740349 0.4245219 0.6045313
-0.5773503 -0.5773503 0.5773503
0.9450966 0.267299 0.1879993
0.6272213 0.1706058 0.7599257
0.67063 0.3208144 0.66883
0.885806 0.4293029 0.1762012
0.8012333 0.2673111 0.5353223
0.5397074 0.4927069 0.6826095
0.7509178 0.4293102 0.5018119
0.5353223 0.2673111 0.8012333
0.7243762 0.6741779 0.1440953
0.4042158 0.614024 0.6779265
0.5018119 0.4293102 0.7509178
0.1879993 0.267299 0.9450966
0.6140968 0.6741965 0.4102978
0.5436949 0.8322923 0.108099
0.6740349 0.4245219 0.6045313
0.1762012 0.4293029 0.885806
0 0.2625081 0.9649298
0 0.4315864 0.9020717
0.4102978 0.6741965 0.6140968
0.1440953 0.6741779 0.7243762
0 0.6742243 0.7385266
0.4608963 0.8322933 0.3079975
0.806803 0.5686021 0.1605006
0.108099 0.8322923 0.5436949
0 0.8352212 0.549914
0.3079975 0.8322933 0.4608963
0.1605006 0.5686021 0.806803
0 0.5329353 0.846156
0 -0.5329353 0.846156
0.6839963 0.568597 0.4569975
0.4569975 0.568597 0.6839963
0.1605006 -0.5686021 0.806803
0 -0.8352212 0.549914
0.4569975 -0.568597 0.6839963
0.108099 -0.8322923 0.5436949
0 -0.6742243 0.7385266
0.6839963 -0.568597 0.4569975
0.1440953 -0.6741779 0.7243762
0 -0.4315864 0.9020717
0.3079975 -0.8322933 0.4608963
0.7197408 -0.6446366 0.2577146
0.5773503 -0.5773503 0.5773503
0.4608963 -0.8322933 0.3079975
0.2865026 -0.668506 0.6863061
0.1762012 -0.4293029 0.885806
0 -0.2625081 0.9649298
0.1879993 -0.267299 0.9450966
0.4102978 -0.6741965 0.6140968
0.6140968 -0.6741965 0.4102978
0.3923108 -0.5039139 0.7695212
0.5018119 -0.4293102 0.7509178
0.5353223 -0.2673111 0.8012333
0.7509178 -0.4293102 0.5018119
0.4655092 -0.305306 0.8307163
0.8012333 -0.2673111 0.5353223
0.4843343 -0.1781126 0.8565607
-0.4472136 0 0.8944272
-0.4472136 0 0.8944272
-0.6481068 0.1993021 0.7350076
-0.6481068 0.1993021 0.7350076
-0.6918283 -0.1376056 0.708829
-0.6918283 -0.1376056 0.708829
-0.6517143 -0.2699059 0.7088155
-0.6517143 -0.2699059 0.7088155
-0.5865101 -0.3919068 0.7088123
-0.5865101 -0.3919068 0.7088123
-0.4987999 -0.4987999 0.7087998
-0.4987999 -0.4987999 0.7087998
-0.3919068 -0.5865101 0.7088123
-0.3919068 -0.5865101 0.7088123
-0.2699059 -0.6517143 0.7088155
-0.2699059 -0.6517143 0.7088155
-0.1376056 -0.6918283 0.708829
-0.1376056 -0.6918283 0.708829
0 -0.7054048 0.7088048
0 -0.7054048 0.7088048
0.1376056 -0.6918283 0.708829
0.1376056 -0.6918283 0.708829
0.2699059 -0.6517143 0.7088155
0.2699059 -0.6517143 0.7088155
0.3919068 -0.5865101 0.7088123
0.3919068 -0.5865101 0.7088123
0.4987999 -0.4987999 0.7087998
0.4987999 -0.4987999 0.7087998
0.5865101 -0.3919068 0.7088123
0.5865101 -0.3919068 0.7088123
0.6517143 -0.2699059 0.7088155
0.6517143 -0.2699059 0.7088155
0.6918283 -0.1376056 0.708829
0.6918283 -0.1376056 0.708829
0.705303 0.002000009 0.7089031
0.705303 0.002000009 0.7089031
0.7056296 0.03670154 0.7076297
0.7056296 0.03670154 0.7076297
0.4472136 0 0.8944272
0.4472136 0 0.8944272
-0.3630088 -0.8099196 0.4607112
-0.7197408 -0.6446366 0.2577146
-0.2865026 -0.668506 0.6863061
-0.6045116 -0.4858093 0.6313121
-0.3923108 -0.5039139 0.7695212
-0.6655399 -0.3207192 0.6739404
-0.4655092 -0.305306 0.8307163
-0.6991962 -0.1772991 0.6925963
-0.4843343 -0.1781126 0.8565607
-0.71102 -0.1021029 0.6957195
0.4655092 -0.305306 0.8307163
0.71102 -0.1021029 0.6957195
0.4843343 -0.1781126 0.8565607
0.6991962 -0.1772991 0.6925963
0.3923108 -0.5039139 0.7695212
0.6655399 -0.3207192 0.6739404
0.2865026 -0.668506 0.6863061
0.6045116 -0.4858093 0.6313121
0.7197408 -0.6446366 0.2577146
0.3630088 -0.8099196 0.4607112

UVs:

0.250014 0.962801
0.749986 0.962801
0.749986 1.000299
0.250014 1.000299
0.25 1
0.75 0.55
0.75 1
0.25 0.55
0.745196 0.501227
0.75 0.55
0.73097 0.454329
0.707867 0.411107
0.676777 0.373223
0.638892 0.342133
0.595671 0.31903
0.548772 0.304804
0.5 0.3
0.451228 0.304804
0.404329 0.31903
0.361108 0.342133
0.323223 0.373223
0.292133 0.411108
0.26903 0.454329
0.254804 0.501228
0.356891 0.995482
0.356891 0.960587
0.006218 0.960587
0.006218 0.995483
0.137103 0.968271
0.12505 0.9625
0.12505 0.2875
0.146797 0.976737
0.155222 0.988369
0.158386 1
0.25 1
0.25 0.55
0.254804 0.501228
0.26903 0.454329
0.292133 0.411108
0.323223 0.373223
0.361108 0.342133
0.375017 0.2875
0.404329 0.31903
0.451228 0.304804
0.5 0.3
0.548772 0.304804
0.624983 0.2875
0.595671 0.31903
0.638892 0.342133
0.676777 0.373223
0.707867 0.411107
0.87495 0.2875
0.73097 0.454329
0.745196 0.501227
0.87495 0.9625
0.862898 0.968271
0.853203 0.976738
0.844778 0.988369
0.841614 1
0.75 0.55
0.75 1
0.75 0.55
0.620966 0.281729
0.624983 0.2875
0.624983 0.2875
0.620966 0.281729
0.617734 0.273262
0.620966 0.281729
0.620966 0.281729
0.617734 0.273262
0.614926 0.261631
0.617734 0.273262
0.617734 0.273262
0.614926 0.261631
0.613871 0.25
0.614926 0.261631
0.614926 0.261631
0.613871 0.25
0.006218 0.960543
0.041113 0.960543
0.041113 0.60987
0.006218 0.60987
0.375017 0.2875
0.379034 0.281729
0.379034 0.281729
0.375017 0.2875
0.379034 0.281729
0.382266 0.273263
0.382266 0.273263
0.379034 0.281729
0.382266 0.273263
0.385074 0.261631
0.385074 0.261631
0.382266 0.273263
0.385074 0.261631
0.386129 0.25
0.386129 0.25
0.385074 0.261631
0.620966 0.281729
0.624983 0.2875
0.375017 0.2875
0.617734 0.273262
0.614926 0.261631
0.613871 0.25
0.379034 0.281729
0.382266 0.273263
0.385074 0.261631
0.386129 0.25
0.005571 0.905271
0.02191 0.974685
0.035242 0.970769
0.019136 0.903199
5.3E-05 0.834317
0.050726 0.965054
0.013867 0.834294
0.004708 0.762202
0.035278 0.900733
0.064492 0.959489
0.01834 0.764249
0.01301 0.726592
0.026789 0.729879
0.030523 0.834293
0.05009 0.898457
0.078007 0.953813
0.034846 0.766714
0.043058 0.733946
0.045846 0.834286
0.05009 0.768956
0.05762 0.73752
0.065722 0.89596
0.066989 0.771376
0.07232 0.740455
0.062188 0.834145
0.930333 0.764622
0.924059 0.734788
0.938183 0.731264
0.937702 0.827255
0.946901 0.761589
0.952204 0.727041
0.937723 0.890841
0.931162 0.953994
0.961819 0.758683
0.967906 0.722203
0.95419 0.826505
0.977951 0.755423
0.981226 0.718248
0.991257 0.752675
0.954205 0.892069
0.969575 0.825609
0.986215 0.824566
0.999947 0.823685
0.969598 0.893031
0.98623 0.894019
0.999947 0.894804
0.94723 0.957071
0.962057 0.959847
0.978054 0.962898
0.99149 0.965535
0.968449 0.996109
0.981771 0.999947
0.952807 0.991435
0.938846 0.987393
0.924834 0.98409
0.078022 0.9834
0.99149 0.752663
0.981771 0.718252
0.968449 0.722089
0.978054 0.7553
0.999947 0.823393
0.952808 0.726764
0.98623 0.824178
0.999947 0.894511
0.962057 0.75835
0.938847 0.730805
0.986215 0.893631
0.991257 0.965521
0.969598 0.825166
0.94723 0.761127
0.924835 0.734109
0.977951 0.962773
0.981226 0.999947
0.967906 0.995992
0.969576 0.892587
0.961819 0.959513
0.952205 0.991155
0.954206 0.826128
0.931162 0.764203
0.946901 0.956607
0.938183 0.986932
0.954191 0.891691
0.930334 0.953574
0.92406 0.983407
0.072321 0.977743
0.937723 0.827356
0.937702 0.890942
0.066989 0.946821
0.05762 0.980677
0.062188 0.884052
0.05009 0.949241
0.043058 0.984251
0.065722 0.822236
0.034847 0.951483
0.02679 0.988318
0.045847 0.883911
0.078007 0.764384
0.078022 0.734797
0.05009 0.81974
0.064492 0.758708
0.01834 0.953948
0.013011 0.991606
0.004708 0.955995
0.030523 0.883904
0.035278 0.817465
0.050726 0.753143
0.013867 0.883903
5.3E-05 0.88388
0.019136 0.814998
0.035241 0.747428
0.005571 0.812926
0.02191 0.743512
1.8E-05 1.502037E-05
0.02227 1.502037E-05
0.02227 0.267427
2.2E-05 0.267427
0.02227 0.296504
2.1E-05 0.296503
0.022269 0.32558
2.1E-05 0.32558
0.022269 0.354657
2E-05 0.354656
0.022269 0.383733
2E-05 0.383733
0.022268 0.41281
2E-05 0.41281
0.022268 0.441887
1.9E-05 0.441886
0.022267 0.470963
1.9E-05 0.470963
0.022267 0.50004
1.8E-05 0.500039
0.022266 0.529116
1.8E-05 0.529116
0.022266 0.558193
1.7E-05 0.558192
0.022266 0.587269
1.7E-05 0.587269
0.022265 0.616346
1.7E-05 0.616346
0.022265 0.645423
1.6E-05 0.645422
0.022264 0.674499
1.6E-05 0.674499
0.022264 0.703576
1.5E-05 0.703576
0.022264 0.732653
1.5E-05 0.732652
0.022267 0.733041
2.2E-05 0.73304
0.022263 0.999985
1.7E-05 0.999985
0.375017 0.2875
0.12505 0.2875
0.137103 0.281729
0.379034 0.281729
0.146797 0.273263
0.382266 0.273263
0.155222 0.261631
0.385074 0.261631
0.158386 0.25
0.386129 0.25
0.844778 0.261631
0.613871 0.25
0.841614 0.25
0.614926 0.261631
0.853203 0.273262
0.617734 0.273262
0.862898 0.281729
0.620966 0.281729
0.87495 0.2875
0.624983 0.2875

Indices:

0 1 2
0 2 3
4 5 6
4 7 5
5 7 8
8 9 5
7 10 8
7 11 10
7 12 11
7 13 12
7 14 13
7 15 14
7 16 15
7 17 16
7 18 17
7 19 18
7 20 19
7 21 20
7 22 21
7 23 22
24 25 26
24 26 27
28 29 30
31 28 30
32 31 30
33 32 30
34 33 30
35 34 30
36 35 30
37 36 30
38 37 30
39 38 30
40 39 30
40 30 41
42 40 41
43 42 41
44 43 41
45 44 41
45 41 46
47 45 46
48 47 46
49 48 46
50 49 46
50 46 51
52 50 51
53 52 51
51 54 53
54 55 53
55 56 53
56 57 53
57 58 53
58 59 53
59 58 60
60 61 59
62 63 64
62 64 65
66 67 68
66 68 69
70 71 72
70 72 73
74 75 76
74 76 77
78 79 80
78 80 81
82 83 84
82 84 85
86 87 88
86 88 89
90 91 92
90 92 93
94 95 96
94 96 97
98 99 100
100 101 98
100 102 101
100 103 102
100 104 103
104 105 103
105 106 103
106 107 103
108 109 110
108 110 111
112 108 111
111 110 113
112 111 114
115 112 114
111 113 116
114 111 116
116 113 117
115 114 118
119 115 118
119 118 120
114 116 121
118 114 121
116 117 122
121 116 122
122 117 123
120 118 124
118 121 124
120 124 125
121 122 126
124 121 126
125 124 127
124 126 127
125 127 128
126 122 129
122 123 129
128 127 130
128 130 131
127 126 132
126 129 132
127 132 130
133 131 130
133 134 131
135 134 133
136 130 132
136 133 130
135 133 137
137 133 136
138 135 137
139 132 129
139 136 132
140 129 123
140 139 129
138 137 141
142 138 141
137 136 143
143 136 139
141 137 143
142 141 144
145 142 144
145 144 146
143 139 147
147 139 140
141 143 148
144 141 148
148 143 147
146 144 149
144 148 149
146 149 150
148 147 151
149 148 151
150 149 152
149 151 152
150 152 153
147 140 154
151 147 154
152 151 155
151 154 155
153 152 156
152 155 156
153 156 157
157 156 158
157 158 159
156 160 158
156 155 160
155 161 160
155 154 161
154 162 161
154 140 162
162 140 123
162 123 163
164 165 166
164 166 167
168 164 167
167 166 169
168 167 170
171 168 170
167 169 172
170 167 172
172 169 173
171 170 174
175 171 174
170 172 176
174 170 176
172 173 177
176 172 177
177 173 178
175 174 179
180 175 179
180 179 181
174 176 182
179 174 182
181 179 183
179 182 183
181 183 184
176 177 185
182 176 185
177 178 186
185 177 186
184 183 187
184 187 188
183 182 189
182 185 189
183 189 187
188 187 190
188 190 191
190 192 191
189 185 193
185 186 193
187 189 194
187 194 190
189 193 194
190 195 192
194 195 190
196 192 195
193 197 194
194 197 195
196 195 198
198 195 197
199 196 198
186 200 193
193 200 197
199 198 201
202 199 201
198 197 203
203 197 200
201 198 203
186 204 200
178 204 186
178 205 204
206 200 204
203 200 206
206 204 207
202 201 208
209 202 208
209 208 210
201 203 211
211 203 206
208 201 211
212 206 207
211 206 212
212 207 213
210 208 214
208 211 214
214 211 212
210 214 215
216 212 213
214 212 216
215 214 216
216 213 217
215 216 218
218 216 217
218 217 219
220 221 222
220 222 223
223 222 224
223 224 225
225 224 226
225 226 227
227 226 228
227 228 229
229 228 230
229 230 231
231 230 232
231 232 233
233 232 234
233 234 235
235 234 236
235 236 237
237 236 238
237 238 239
239 238 240
239 240 241
241 240 242
241 242 243
243 242 244
243 244 245
245 244 246
245 246 247
247 246 248
247 248 249
249 248 250
249 250 251
251 250 252
251 252 253
253 252 254
253 254 255
255 254 256
255 256 257
257 256 258
257 258 259
260 261 262
260 262 263
263 262 264
263 264 265
265 264 266
265 266 267
267 266 268
267 268 269
270 271 272
270 273 271
274 273 270
274 275 273
276 275 274
276 277 275
278 277 276
278 279 277
